22484	35867
30768	11682
35329	4750
11833	7479
13912	31472
22618	34276
1229	11702
16789	12619
28671	30454
31730	15815
18533	19784
2993	28305
24235	2960
30747	20481
5393	5835
7063	7568
21271	27628
33999	440
24730	13117
12127	21051
29841	37670
29725	33951
5217	30644
10971	17200
38473	22490
15152	28977
14812	27060
30861	2131
14158	15395
8365	2949
818	30891
3706	37594
15892	29965
32162	7446
14858	17874
2286	31125
16827	5352
2026	885
20451	23801
305	26352
18741	4171
38556	4890
31670	15470
31922	22077
685	2470
23843	36896
10940	24003
25477	18160
17462	13718
37168	11671
3604	32585
574	3014
30605	23189
3728	15225
34198	6408
2581	10716
1973	13248
18765	38194
1885	12918
19326	5675
13853	620
14650	16185
18875	19495
30445	12962
38795	9049
36826	19506
18328	9666
25373	662
15806	21968
8437	16467
32056	28958
32616	19399
30497	13086
25973	31167
37320	24206
9312	23361
3071	28736
4840	25036
9087	35018
24635	24347
21220	37047
18354	10526
16946	36197
10537	18005
6144	36234
12481	31911
30257	32513
7929	21338
6110	11483
7535	22927
9506	29140
27559	20651
30888	31934
668	32427
20225	24042
12003	20366
6010	2135
29810	30748
13611	5982
29053	38091
29658	2614
16207	10604
21228	24861
556	27963
16473	18565
15175	23759
31926	10166
9227	19994
19633	23097
38356	24410
22497	24761
3533	32093
14415	37546
28608	29420
10901	28764
8330	38002
27333	1216
10661	6081
16847	38878
33877	35746
11475	8315
16617	25293
8886	37699
10099	19712
5435	29326
24436	18744
35423	2684
17977	16483
15585	17282
13976	35524
11137	18335
20116	27460
35693	2520
7828	7795
7188	22453
13957	7529
34630	26416
6322	22960
6864	31337
6207	34895
26928	22347
33331	21279
31707	18086
13437	18556
15983	6476
26070	4881
16795	11820
16522	35600
24088	28537
990	16089
33829	35192
33689	20329
1782	18072
6586	29367
32082	33110
9767	20409
20189	38309
23854	4994
20170	953
3724	10297
5729	7569
20467	38483
11658	15105
32704	9463
12479	936
17136	11721
23411	38894
21176	11230
18773	9311
24393	10128
14908	28036
35543	25803
1947	31021
36215	7258
27270	29320
2239	4285
2884	22141
6248	33350
17063	13680
37283	16112
16152	661
16232	25952
38244	272
11928	18664
2066	33601
22369	7901
9070	11399
23402	12437
32057	37121
8454	35190
8302	34244
28304	17416
13529	28973
17378	1656
11023	19300
5398	16999
22175	21334
36603	17703
38125	239
11768	32335
7278	34319
4022	25008
1017	23425
19843	34403
14732	34610
14987	24056
28434	37335
34920	3896
31637	33008
10221	26604
15653	26783
33230	8065
34999	37179
34155	28225
2645	21716
8917	25962
21511	7835
5406	7298
22308	10076
15484	33317
36120	240
24672	25594
1020	13244
30734	13670
10516	38006
22731	20676
21567	34163
5051	27755
21505	24733
5003	19033
22237	38573
37672	4714
26537	21258
5338	37395
30618	13793
23991	27266
2114	29927
4307	29282
6049	37608
33780	14213
12197	4219
4771	14257
9445	6921
1145	3648
25275	20565
37875	10263
10031	5725
3058	20279
14343	29372
3072	35045
34983	10517
25711	30163
21118	19798
14077	17967
38648	10248
33012	26294
426	7280
22771	22821
20478	26200
15368	33759
1636	27176
35682	38362
38250	29521
25100	36253
33190	20316
1745	30599
30306	36359
21215	18309
22896	6611
34927	37057
3301	36628
6887	4169
37881	14133
32980	13737
35204	1536
30453	22290
11974	7908
18742	13698
23050	21774
13507	16271
23024	3975
16212	38377
14183	7865
14555	24192
28040	8544
2919	8203
21462	36726
10598	38206
6626	10006
20815	13008
5349	36241
27958	19768
34948	33691
241	29414
15633	30990
25371	24595
4854	16101
22473	13893
7424	32908
7768	24952
17843	24017
1318	33457
29228	21659
26022	17343
20306	33915
13164	12642
2580	24019
19853	16250
28286	32440
12416	19317
35410	10719
31540	29279
22782	10284
14676	8408
37280	31413
35644	3673
25143	6014
13298	27782
23812	24399
3681	12243
20810	35660
8644	16645
23756	12792
34897	35631
1826	17318
3524	26684
7104	439
23090	6429
25518	37507
22059	22270
1633	9031
7006	5886
24835	11286
38626	10782
38370	3632
36013	2452
8118	9059
16400	3776
3245	25525
35178	29572
6084	28976
15544	32859
18921	13277
13490	23389
6245	4614
17204	6320
18187	23981
27205	13755
27252	29369
20154	20925
32539	16920
33818	8593
19815	37615
37444	25551
15490	7492
18090	37365
7268	22468
7518	29319
34931	22801
13288	8332
16507	4507
29842	3494
29539	23653
22952	20863
29403	16238
24981	3154
19968	23839
34616	38743
18419	26779
36491	12501
35922	14790
6076	109
660	20640
16948	19626
30810	19624
16624	30547
24603	32628
15428	30135
38501	12979
38016	34898
20017	5284
36527	29380
30064	9060
20433	5711
38539	11934
10447	25198
28979	4647
29270	5715
8269	35637
9186	20814
18965	27013
9376	28122
1622	24043
28942	31683
33469	4656
27576	11987
38107	37868
30800	35787
29954	19674
22678	26121
26852	35564
36405	8744
12035	771
15504	20192
25578	37356
20901	17594
14237	9064
36947	37799
35037	25437
18970	12067
30176	27422
19496	457
35161	14067
187	24941
20906	10234
35332	36133
22315	2794
19160	13368
6740	11291
15501	20828
30213	33565
2874	3772
21442	19678
21616	33228
12270	21943
5164	38628
9466	37426
12368	38026
34690	29813
36531	2158
17090	34583
18031	25191
18779	27059
24687	20893
34608	10810
5209	14377
26644	22316
24068	4835
14882	3434
18157	36868
3919	22600
18592	19630
3188	10159
28551	32279
32907	11958
25158	26009
36719	31070
7028	27527
33164	2450
3804	12137
26372	21759
1181	31131
22574	37056
24744	26743
4927	35780
13954	37673
29584	12610
10158	37682
432	26685
15330	27244
18799	8277
15767	5960
2207	27140
31726	3204
10275	17258
15895	12339
27128	3790
17244	36695
23073	24882
31399	28042
10289	30919
16501	25774
1901	3780
38058	14418
280	38494
5561	32412
28507	25213
1989	16653
27302	8741
26459	35269
12107	38428
20857	35585
12105	19549
25281	23690
5122	217
32012	25499
10542	20490
28441	34232
16892	15900
4765	6554
22865	34277
34074	15231
13486	247
28189	36680
9804	7905
25475	16797
6221	9095
24739	21838
5703	5816
13362	23176
13968	37841
5383	9924
3081	6911
7999	21755
20913	37137
30486	18625
26805	17527
4749	18800
13251	7455
26309	30253
25223	16690
24461	12367
669	12444
26395	3731
15356	35937
16044	1935
37164	18376
7306	14724
31033	37683
25835	5943
25679	27209
32506	29043
30640	27769
28474	24713
33801	14454
24573	12721
35541	30844
26755	31386
12864	32467
29975	27967
15989	29399
31727	19000
4695	4104
36092	458
32672	13608
36916	29358
38533	3074
13974	3824
3203	28099
25235	17663
26054	2064
31513	27309
8206	4611
2861	17285
1843	25813
1808	30483
1012	26950
12842	2012
27012	5755
35666	33067
2648	2
6624	37832
37637	15216
17957	16583
26156	24262
19388	20619
20551	29148
32289	25399
7256	4286
25146	21115
26646	6348
11666	28284
34128	5224
35542	15102
31011	7313
13131	7012
1174	28547
16980	13449
12796	4139
33231	34088
5324	15243
31777	16104
30152	24634
30005	35311
29766	2164
16019	38736
19465	19547
25385	11159
34382	18100
24982	19067
19927	11472
2112	17456
38434	35665
37537	25315
18353	21063
18648	34987
5287	37509
988	20178
13633	8219
3778	25671
27289	17993
31390	32697
14269	6479
1186	21696
33542	30906
10706	17464
14220	5553
9219	10062
29664	27897
12302	24947
21103	1548
4442	5482
33827	13744
38459	29817
8290	8461
35941	19695
28078	3959
919	12670
52	2019
15893	38252
33291	26735
21000	26714
19523	25176
25542	35382
28369	28789
22705	27431
14425	12411
9258	32497
10356	36049
24342	24810
14754	20556
35634	36144
17148	6794
11583	4926
29371	6915
15503	3603
27226	1118
22299	19685
21717	2716
30796	13764
34693	33625
38062	21104
33518	21976
14130	21323
22019	12494
29217	36985
21031	22014
18571	32174
19906	27452
29159	7207
11519	16781
3396	34073
28725	36408
1047	36852
35163	11380
1513	23830
27522	8668
3346	4785
23409	26232
10100	9337
19459	14997
13229	29520
37107	23291
33494	13393
16246	33479
27984	2169
14224	37494
19242	29191
7062	15682
20970	22784
31601	10567
743	9443
2467	30612
33874	34256
4791	5576
17074	20271
10558	26315
4267	8352
2898	9302
20641	17075
36780	15500
25909	14110
14657	18848
13378	25365
32002	26763
15984	655
11364	10182
28961	7936
19753	38569
16318	25515
16393	33311
1223	27443
28377	33530
12178	22932
10446	7509
19471	24886
3664	33567
37951	8813
1289	35143
13188	37249
20395	23119
27626	15938
18523	16778
12791	30310
16269	12891
7680	33160
18638	15857
25359	7775
22002	23665
11825	3246
26692	561
29113	9982
31659	31769
24064	11780
11369	7276
28904	10960
1418	24
19970	30496
774	18175
37997	36521
11178	10183
25936	13434
16503	31500
4027	7723
4490	13988
7594	15638
32535	30675
22249	27032
31038	5411
15894	2670
30341	13226
34065	7041
35720	2710
22462	8697
29089	3621
30902	4201
9333	30897
37205	18188
30623	2304
34164	30024
2267	10203
25206	37628
10354	28802
8205	30776
11536	25770
98	10066
33396	22080
12109	12684
12410	31778
1750	1316
35662	4474
23243	24085
27630	33094
12742	25495
27301	19516
30580	36098
26103	732
26149	7777
14262	24611
6580	25085
8012	19774
35435	34259
18860	6877
23885	2377
15832	17164
29909	17861
35062	13327
33292	21049
21889	22124
9204	5666
5568	1818
18795	13269
28367	20303
23501	22238
15833	37292
27939	9665
13820	1659
12854	19449
34618	18990
14801	30100
6742	9146
13814	21274
29875	13604
27223	29914
30326	22877
2978	13873
2536	38334
3505	14857
3095	17891
37888	17620
34147	26560
32399	12603
38790	17125
35238	36003
24089	3943
31550	21978
27477	37899
38000	23590
8612	20099
18203	11046
30936	690
2172	1060
13137	24226
5104	6339
16913	29771
29982	13458
23364	29585
26686	23765
5293	3526
15118	37805
6444	28195
20141	6692
5283	24169
36664	32556
20456	17728
36303	19245
29859	4167
20436	36714
5517	35617
2964	9824
7212	18918
21266	8561
5842	6042
37689	30229
30134	14060
16982	7978
16131	23634
5593	1858
31962	16836
20045	3492
11784	27925
5993	20649
21630	27551
30945	33686
15715	34884
37410	28458
7069	20370
5128	13682
8743	23135
2150	7330
14278	6235
4325	11514
37081	2093
36866	11237
1251	12209
1610	16810
10039	3614
8459	22811
28660	18716
2353	36901
37938	31023
31797	8503
3147	33481
5645	10124
7201	12549
23728	17695
38184	28896
19268	35691
7698	6259
12892	31563
20379	8038
13000	25132
30254	17637
17765	23777
38411	16721
30384	8850
24224	12103
27927	8321
8493	31372
9709	16422
22092	3400
29968	15616
38531	18290
7170	28394
17545	31407
29248	32217
37006	24511
16742	29370
20732	13818
37293	8496
321	25061
21028	21807
23258	26096
27017	38471
19013	14720
12787	16110
8911	26050
34992	17376
38396	7762
8236	8121
22193	29793
20392	9249
20895	28577
27671	29075
34339	19648
13300	18205
17924	25122
20996	3600
13669	645
22617	21011
3302	23974
1462	9224
36102	8505
1295	17985
30006	21673
2752	22683
3918	6750
30654	21928
7093	36517
6069	34700
10797	4058
15854	30760
36346	31158
29410	21174
3268	12935
27145	11030
23535	14094
34411	15178
15946	14819
1167	28241
16215	2430
32882	32097
31032	36015
32231	5709
25772	30138
26248	2105
23556	9398
1230	14674
37747	35965
31213	24382
26609	36267
7562	31268
16558	25589
7705	4324
19835	11347
11829	20318
31987	361
1100	28259
5567	9794
32356	10046
35285	2035
2399	26166
26482	36846
23003	32718
10925	6380
22912	29727
3802	21449
13438	2327
38945	17589
19412	7851
22933	27015
24602	25004
12862	20666
15323	32297
11961	4617
32548	4253
26236	26478
11098	1338
24247	36872
23745	10854
16505	9030
15194	22962
20712	5035
1770	22751
38298	7618
8484	21114
18510	29162
21386	33940
1092	33379
32878	13577
16871	1058
18963	38345
29700	10293
27461	1306
31624	5999
7605	37706
36112	2397
33201	33493
26816	12240
23325	8220
32445	32472
3723	26064
23700	14528
1975	13224
18752	6164
1700	2291
13335	17046
12880	6067
16018	10253
15009	24786
5973	6697
6366	35733
19788	20509
23039	36029
13297	2595
29573	33882
19507	14721
33250	20753
2027	7454
28940	11356
32573	34446
34200	16444
9615	30049
3962	38783
17529	1271
20661	7281
10442	19604
32155	33459
30471	30165
28243	20617
32080	28920
10918	12687
31115	24935
31844	35822
539	27348
33821	24907
13648	3742
18809	32010
1240	37340
18725	4351
14630	20547
29992	19035
1337	16121
17920	33458
14925	16808
3811	38807
32801	21500
7369	3717
26904	15886
5814	31205
16938	9098
14075	22444
11323	4457
37029	5562
10049	18904
31948	23550
7955	19434
18547	31848
5791	20094
12705	2138
16398	17066
28386	18019
27523	16969
16062	27744
31669	24275
16538	17623
8120	29608
26357	10756
30403	38734
15027	5611
26256	29753
36895	20585
2668	25041
35888	2001
14828	35183
29057	11149
28696	20787
19852	28583
3669	16626
11496	13127
29920	20005
29393	10569
17326	10670
29133	28538
25378	17234
11231	28348
26863	35560
27104	35253
10085	19175
5073	10507
17885	32409
2073	1347
23497	38756
9508	26616
17033	18338
26542	26487
31144	31460
14191	25180
8527	5155
23374	29103
13074	21077
30106	3832
21041	9897
11637	37913
26265	19019
29483	27425
35131	11847
30855	34505
34039	31858
7196	8346
34486	6818
26982	21525
10734	17031
28947	25532
32514	18088
34918	32644
29200	11498
32840	8473
15685	7755
24888	35414
11272	350
19932	20623
3145	33986
27228	26247
34414	12865
13016	38814
9753	37031
12569	9722
34229	18984
11000	33281
35557	33207
7989	3065
18844	18424
38388	36974
38339	38823
15572	20944
21078	8869
17348	23132
30841	12717
7852	29383
17877	9072
10702	22314
24185	5185
35078	2339
14391	33665
27152	7826
10976	7975
9023	425
31423	8150
35250	34958
20528	16646
6509	956
397	17953
20488	17005
24438	7511
18757	34139
9919	6574
11026	21953
32968	19590
12839	15098
16504	18037
31813	21226
19805	7574
3410	9271
27313	8809
975	17991
25337	22038
14370	33604
35118	2464
33966	13337
21070	30982
38748	5064
21413	6442
16745	8456
3416	14766
20604	736
16011	32578
25218	20408
25842	36811
30214	37632
24722	20211
1486	21065
30283	3471
22034	2090
778	22393
4910	3666
8319	581
28504	5930
26908	6789
5136	18517
32737	29764
8245	3763
22039	35280
24686	18843
26829	11301
38321	23868
5855	23557
7191	16565
23992	27890
27019	9397
37451	32828
822	18623
38803	15581
11999	15846
36057	6123
12973	1754
25367	1377
38921	22167
33441	15162
13299	35814
5137	2326
5205	32725
21002	14062
23774	8625
26146	29471
20985	24664
25849	5609
22284	30449
31314	27877
22250	9621
16355	15719
20928	13457
10630	5523
14394	18034
12638	5587
4230	12800
9623	19415
21694	35653
36516	38919
20281	34005
11360	34759
28573	10891
20823	27370
25404	7441
36430	18663
16372	37161
5937	13877
23956	22322
2362	13167
28325	23560
17480	38178
15549	34771
30753	19908
34156	23248
7477	31517
9766	10635
27413	2652
5047	23567
5794	30087
21409	11864
15050	28582
32757	23691
33090	32629
34924	36106
16093	32637
32106	36111
9865	30543
4456	34078
4163	32360
10522	8754
19583	22561
36686	18824
20929	30139
15994	33080
24333	14346
30757	31975
13601	27687
36312	35721
30482	25058
24099	33973
27142	33714
38001	14553
4275	33842
21497	1540
28866	16441
6031	37801
12463	37766
31875	18405
26793	1319
12907	21711
11400	13247
16801	26275
9119	9987
1834	17227
5055	23231
27808	2916
29881	25466
16553	12613
29316	11849
15177	33682
27153	14398
1180	38051
24325	30884
10283	28919
4760	14021
12889	23706
14247	2106
12815	13313
15944	37142
13831	34100
7782	7211
36544	15028
7053	3683
10273	14289
24087	21123
37393	15159
38616	8126
15797	12317
31237	21952
2122	24292
25953	19435
35994	10340
26553	21664
7132	14934
33798	10644
31440	3539
16061	1984
30614	696
15735	24219
27691	31228
24537	38740
4625	5436
10779	17375
19091	37557
31030	7727
22029	15525
36097	21036
23332	10592
12819	32952
36310	24222
14287	389
8266	3733
917	24906
7407	7887
1179	2320
15807	8742
6659	2388
3984	38440
6907	20441
12809	30435
10255	5199
8494	22197
26683	20152
30433	11811
38265	31406
10676	6328
5586	34032
3863	5126
35626	29934
15301	5989
14388	28838
10777	21181
6220	23252
5985	35893
4385	14921
5358	12649
1000	2180
33722	17777
29535	3046
618	24205
23349	33226
21319	31816
3746	7090
6522	2776
15393	1594
22027	37136
28429	2699
34031	19324
25609	28843
20096	34709
29450	30440
15265	24004
35146	33391
6017	29527
16605	38842
17575	16643
36045	6617
4744	8918
21959	23492
14374	22521
20331	38386
2577	15771
36935	10919
20362	9044
8661	30374
11923	17850
4763	12162
30578	29624
16704	26197
11163	6162
21460	8234
28236	2530
23608	26993
24679	36884
14159	35480
30040	2408
34161	14286
3985	14833
36285	31349
3720	32806
37864	37640
1921	32157
10147	7966
27126	10450
21947	9318
32062	37391
38766	28085
18649	31350
34991	3307
4335	5452
24698	13899
30075	13235
38023	11579
14772	9687
1725	31964
21233	7225
23951	19043
10452	17835
16337	10773
22150	25570
27916	9336
10937	25438
7573	9567
30467	35610
18683	5072
28414	628
6924	12713
3059	4378
24757	16908
12318	28707
33019	80
38704	33996
10295	23605
33384	20231
4948	16178
3270	14482
33819	19655
16116	4379
26154	31398
38177	5468
19445	35074
30035	1053
34501	30781
3958	11332
714	34581
14970	17770
11060	32711
21828	12205
28063	15760
33830	1267
31543	29512
5030	31395
2897	3596
17301	9686
16063	31094
33365	2494
35476	2714
14249	32281
26136	34564
2905	2572
20555	17562
8070	14521
18474	31385
4863	28710
5487	24719
2620	22691
23699	32495
36461	10877
11505	22542
27981	19771
20140	16525
34562	38848
10487	11527
25550	35621
27931	9457
33967	36993
34044	15053
34080	2688
23432	20657
28659	3903
10931	35573
6780	20751
32869	27246
9512	37110
18898	4128
33956	14082
1096	8191
6879	11523
3262	34589
7765	27010
19451	33584
2899	952
33279	378
13073	2940
4406	16194
37466	38291
12955	28950
23903	20404
35317	31607
18182	35257
17627	5530
5449	19088
6723	20795
29803	28811
23988	8517
27281	35940
38055	19214
16923	13642
38240	26790
6116	37455
15499	38568
31923	36494
32041	31956
6913	37042
20763	17028
22221	37440
33738	27256
17054	1140
34322	3641
8853	4192
32925	35683
18007	17997
21013	36818
29056	24781
18085	30072
16975	17292
1964	32586
17363	10578
19787	37880
25487	26389
27883	31351
19866	21166
28202	22233
19299	23276
15311	3582
13240	33214
16889	36676
16180	13456
31535	37700
5608	3084
22471	24731
24475	4800
3299	28405
2654	4938
33957	4141
13139	3378
18144	410
27123	13141
2653	18938
33607	15926
5878	34502
21080	9932
21690	25954
10369	7736
13448	3576
8199	11895
18745	25075
21502	13544
30574	28118
16703	38757
35462	8376
25454	27727
12772	15717
14816	35997
33826	34079
14549	27355
20848	10454
35177	20419
13696	22068
13722	35772
2909	33804
24203	3908
37850	31868
18038	17582
25458	2848
36292	19809
15536	17340
1213	4788
33853	20406
20143	24211
23945	28067
25905	11520
32874	24989
35325	9381
6134	27580
11608	30890
22123	12879
37309	15726
31647	21882
15193	35716
14354	4149
2936	8629
13630	32147
16054	17590
15347	18261
4812	14040
27805	14003
6713	34419
10767	6025
34299	19454
29509	25172
17741	7483
30921	36945
10342	29336
13027	34964
16082	20322
10651	27536
19219	13192
10355	12299
35532	5409
38409	6825
29598	38532
24457	29683
12112	37569
4408	27025
16793	20212
3917	13882
22527	7981
24499	38866
25139	27623
14915	18423
31932	14998
22719	6253
31581	5584
25546	2177
33341	15099
34425	7625
35064	32812
29879	12677
19165	18369
28825	3741
33633	4954
32130	6838
18950	4264
32372	35741
32024	28177
13263	38932
7792	28471
18050	33571
19107	23977
8763	4782
3610	10414
37299	17133
36691	32449
21303	32972
3891	26594
27606	23904
27429	19440
32690	5081
16455	225
37189	15425
38530	26708
28656	9276
22792	7250
1988	1270
14061	34531
22576	27560
22773	17900
6988	9187
31432	37072
11255	27178
38808	10409
8607	16885
16890	5302
28817	754
34129	23241
20747	795
3429	34081
28254	28638
28792	7204
32331	26753
3381	34625
35321	32810
28915	26990
15528	28064
2607	10564
4310	19176
34248	5148
1014	37514
17827	26427
32569	25486
36031	11716
31929	35866
18152	382
30955	149
4479	13592
31272	28317
7748	23133
26976	20583
25599	10306
25335	6898
4187	20576
8691	22373
11564	18388
11164	32230
33936	28598
38524	31325
18855	38478
16496	7707
11697	22174
16114	23379
9882	15165
38087	37250
32678	9314
4579	38529
35884	35711
12640	29170
1151	36808
21765	30209
8291	1504
17265	3485
29661	2667
5479	24518
10494	3342
13088	22214
22588	34753
9171	37536
29186	6974
3517	34027
13827	6177
9143	11698
7699	19094
34805	14236
21397	27875
3340	23593
29242	18668
32572	13165
18266	3413
23657	19997
2414	37206
30457	19711
20299	10074
34852	22118
8000	27379
2146	34461
29076	1125
28102	12850
29273	27717
2979	38499
25812	10928
29755	12046
7586	14483
8426	2846
3105	27482
38050	7994
26291	21623
7874	13492
8264	38233
27846	367
7962	27514
25674	21076
8164	5275
22334	28759
5245	25572
22095	318
27259	18539
29257	13525
18096	37811
22522	17872
32137	25545
23096	12632
7274	36168
33021	20609
21877	35512
11349	14160
6501	35160
19127	37061
12953	14356
29942	34051
34818	7832
12460	15292
6063	28897
9942	21501
1339	13632
14493	31762
22103	6811
11501	17769
25576	36477
3326	4151
18084	25102
24641	3920
22986	32263
19335	26059
34257	19463
6757	10922
36559	19252
11489	20124
8306	3515
38151	14116
8526	4869
22505	32642
11350	768
7585	38930
14572	31241
21561	35692
28117	6684
38700	11142
22245	24172
9519	14355
29438	13848
34236	19285
28662	7344
9188	14734
8987	3436
31208	14271
21255	21499
22051	26836
32436	13735
38322	9344
19813	11187
9125	6555
33266	21333
28620	772
33257	29991
12824	19424
15602	33355
18724	27712
32606	32353
24246	30791
35572	24455
34893	9624
35035	2486
24431	11539
2288	32928
6362	31303
15079	19341
3657	12974
37159	24200
37407	18170
18543	12198
5527	4146
28358	34622
27165	13583
36799	5120
21245	36077
20767	24929
12755	9050
31792	20786
23228	33504
4461	26934
27137	13509
17969	29112
33371	24236
4014	10570
29187	17681
2721	4462
37985	2429
17154	26295
38241	28994
24736	14059
14837	11670
36412	24971
1908	24363
36061	21216
33204	18003
36925	473
21389	30204
47	28366
14035	22897
17622	18071
19378	30597
8470	32384
30805	10880
21790	29821
38085	36075
20162	9489
38011	36167
25836	33939
27470	14361
30407	27044
24535	5787
10834	24554
3223	22941
17337	31586
18794	6598
25097	15956
30179	21247
19586	14256
2317	18967
32542	9226
2643	23429
30579	35488
24564	12279
26618	1679
36239	26276
20980	31024
5235	4506
1135	34554
31503	16143
1755	37511
33670	36560
32069	16392
9596	33103
29995	8755
26439	25526
4106	9456
6736	26531
33619	21917
10168	10754
37462	27030
35680	1238
6092	12281
18969	2252
9788	31982
14310	12752
23196	15792
25488	29828
36814	18603
20737	16482
12759	35973
4961	16800
5950	10202
10424	35038
19933	6526
29215	2329
16453	16509
21232	33742
21822	17112
10710	18871
13410	29202
22968	18671
34926	18154
2550	33749
32461	5887
26860	19990
13530	33624
19133	2963
27041	38477
7638	12724
38047	1646
7113	33271
34215	17990
27339	72
1113	9706
15069	26995
27064	3747
30487	19283
17039	11511
2216	17838
31249	3479
3691	38084
20562	7971
21402	1400
5924	8084
29825	1099
11975	9978
35483	15357
33482	27949
34271	17779
34529	26370
14147	24429
27909	21403
12952	34548
7114	11029
22729	13295
19115	18383
34398	32571
18164	18345
3995	6188
35044	13576
21629	17024
22694	36528
10563	14699
4847	6016
31087	21300
30889	14228
26933	36066
12365	14142
29905	15622
25042	22031
37436	19054
31450	22423
19185	17697
18622	24814
16843	26162
5171	25853
30851	7717
33870	38830
27330	384
9998	26040
32236	30602
8024	25319
31687	36381
38737	13193
21787	31662
32200	37824
3651	16477
34210	13454
4947	8014
21435	19130
22881	5286
27198	27661
3136	15438
7766	28526
17860	9583
35717	25810
17619	33187
3795	2622
33866	15354
31533	32964
20742	12095
8155	24837
18781	37454
36994	25795
219	13415
28780	28227
36419	31682
19464	23627
30460	14820
36690	33405
17988	12681
9636	22552
23363	16004
20110	2410
5949	30021
20037	23174
16918	35023
34620	37374
19462	30866
7881	8750
36160	29747
3005	11751
19254	15322
7702	37598
15458	28728
1004	737
16963	23376
23229	36228
37562	9981
34765	16468
28675	21404
23427	3754
28960	1447
4644	7584
34749	18761
17750	17635
12853	20113
26577	9088
9396	16493
34976	33649
26920	23211
21961	11269
8188	3220
8642	17297
6369	23044
15522	10991
35376	29225
31995	3327
6630	29469
36930	5142
12392	8761
2854	15109
12821	22635
21416	1173
29730	15261
24512	6437
37175	14565
17472	13547
22682	3514
1644	27722
13370	22099
27383	34082
33411	35874
18256	16351
8457	17669
18673	3296
15031	8366
20530	28412
23301	28822
24450	26564
1872	17060
26941	38915
3629	38439
8123	29637
32283	12453
31434	2402
34456	26027
14923	23966
24681	21498
15154	28768
2944	18763
4157	33839
24684	31133
7085	11621
32285	35197
36099	3520
14447	35026
29456	18900
2233	12575
34543	3133
21895	37833
38464	11910
6417	35452
7720	20420
25659	12160
17682	20791
12538	9139
26085	8122
35915	24452
5172	38596
17346	26824
24715	32050
14888	6917
22061	15877
19100	24650
16613	7873
36164	18121
14123	21902
15724	27734
28432	10681
942	10247
23587	11305
7920	19271
6631	15386
896	25483
17331	5740
27434	19911
18400	17006
29204	32193
26006	19684
18272	32288
9883	14840
11821	20276
346	9510
12001	35166
7372	29312
34819	8823
38158	15446
10400	9328
26095	34195
2473	38642
10008	26952
37572	17311
12290	24621
20618	9940
17513	24777
25342	20229
2767	23365
7428	12788
28966	6298
28201	29206
22273	19993
29490	27318
16479	15256
8656	20218
21931	19999
13055	19458
26746	19484
24607	6587
9931	8762
27130	26866
11756	17576
16635	25142
1272	10534
24867	19364
4587	17276
796	35677
29979	31149
35770	62
12897	16367
20724	17919
7220	32597
11024	27876
23872	9141
20117	28657
11322	15510
5079	31883
37108	34335
38041	17040
12848	8585
36499	34087
2663	35967
16705	12790
20957	25882
6337	26873
3467	15132
36581	33910
1258	15816
34462	16035
3025	31400
27416	28106
23028	25233
36922	37635
23603	1138
31705	36713
17448	29923
12782	27500
38608	371
25222	34776
3129	28519
27587	1150
16416	34835
4255	6012
24775	35690
11769	17214
21199	22072
3018	5574
1891	21662
20026	4912
4543	4031
35477	3139
12545	6615
5633	33694
24492	10864
3924	11591
3858	31110
29418	35531
12745	18322
6052	4204
23043	8730
4520	32027
14504	27685
32085	9366
35012	14608
28059	27208
13926	21263
23873	23769
24712	38898
30057	21128
11921	13462
29090	8910
15449	36979
31649	17219
36745	18825
9370	36128
22498	15968
38731	27279
18682	25419
8524	37191
38683	33042
24534	2129
23571	4246
33613	32018
36319	10252
9371	2791
1854	4610
356	11082
3998	30347
28231	31253
31642	8420
3229	9363
26208	34096
26596	7118
16590	37432
12948	12521
22078	704
18584	23940
33037	29880
37797	8388
21651	255
7596	977
3965	9647
10171	32646
27147	20981
23467	20067
8467	27284
33570	32974
8535	19394
29034	21067
37761	22267
19323	15277
11796	16153
6257	32508
24890	3493
32096	33622
7185	33788
22206	16196
11650	2306
22248	11874
15540	21350
6539	9260
36000	13741
37780	2687
4279	8185
17800	27227
21883	25396
31571	5884
3831	19061
33586	34326
35991	33089
11855	8462
15788	9873
23708	12877
9755	14453
28565	37735
201	8979
29153	1552
18113	28831
3617	38750
2194	17878
1374	32118
21229	6849
6781	20498
18268	5423
24921	10557
15341	20077
21283	23474
8816	38602
5268	25332
30212	27373
19519	19312
13186	23871
38633	554
5023	7436
16988	9242
6202	29415
11572	22414
25710	9429
17630	22992
13945	10009
12115	8728
9971	26098
31067	4090
20083	12657
38	8477
29999	10921
30822	26464
32167	6079
17335	4428
30130	38624
4387	22646
13846	29061
36793	33141
7813	27306
25766	653
29913	12462
9716	4925
22545	16197
15818	5612
6593	3781
8774	10415
3347	21150
16761	811
30980	2439
12238	15885
18179	34894
2048	30876
19854	5033
21253	17202
23385	29138
37979	14846
33126	31759
37793	33297
14387	27230
9984	8197
31904	17689
1235	34743
18789	8201
26019	28935
2038	3840
14701	6571
190	16883
1097	19822
17829	38950
17427	12092
8830	30247
34433	26503
29118	2662
29804	29233
27462	11403
6338	8355
37079	7578
14760	28757
27206	10641
17879	10623
36121	805
29768	33172
33073	28945
21029	14190
9164	30260
35506	273
34280	15621
10373	6439
18786	18036
12084	14719
15863	526
37471	8025
23845	12915
28846	10236
22859	9945
777	28119
7272	38247
37788	31587
8528	37078
10535	28463
4937	18283
816	27567
10137	2808
13855	24124
25763	23121
1052	15820
16424	23970
9830	35747
15333	15416
36995	7612
21833	35962
25118	22697
38944	27785
32791	34463
17802	4137
31384	29907
33676	18722
9631	9389
30067	16458
5478	35395
21281	1148
18558	6046
35389	30318
30678	345
5746	21646
37549	22063
33178	11577
2676	9648
19757	30488
23010	26277
32092	20688
31946	24170
27840	20104
3295	2917
30008	489
29505	16555
5207	9801
28423	21912
18284	1232
19148	7812
21384	26889
17257	5874
15838	11329
10680	5977
21595	20035
3598	11615
21155	21707
29737	18027
36991	35408
26839	10736
19308	5228
20684	32505
10112	19750
19569	2376
4464	14836
15561	17528
26035	30455
18174	12707
32086	2600
27705	24969
30646	27787
4568	2249
12884	29632
17776	7671
16100	9533
5737	2818
14860	38275
24860	32115
4247	3006
6628	288
28154	17142
5222	29147
24745	28048
13175	23924
8425	38684
24375	33423
2968	14002
5695	19505
26306	14090
11838	18332
38472	17008
23362	19500
25646	22770
25797	1568
37622	35781
28252	6210
27314	38421
226	17477
30071	12662
37263	7754
6885	29588
14226	9569
37800	23767
24624	24646
27476	26826
10525	27474
18368	37838
11202	11521
19614	15184
38554	20759
17289	5002
8727	9111
124	30046
33155	19514
21739	1215
26159	6627
7336	9458
34167	19879
8664	26241
848	10748
19588	22309
11304	14380
12573	17368
31549	13943
28283	11949
31105	27311
25170	8270
23729	14404
19823	19880
11690	7408
16350	36775
11551	20586
14695	17436
18258	27286
15390	35743
8225	12476
37674	14714
5233	37552
18238	12456
7652	22125
9179	27662
10421	9956
23081	37930
31855	35240
25573	24401
17799	7259
4395	7608
7324	23591
2307	438
21620	24490
31767	11510
19840	32564
3857	20273
17938	31344
23293	9651
2523	2869
37209	607
31313	1415
2226	10326
34332	38384
1018	14889
29845	4907
13907	16576
37386	36835
6853	28183
8091	12176
26374	37889
3893	35378
16286	25975
25305	870
12337	4638
22235	34941
3016	1627
3157	34083
37215	2792
30911	18866
6473	38108
4129	12665
29919	33199
29673	24762
964	31306
12424	3583
22587	5571
7867	8963
26699	28299
4081	10669
6141	36442
19697	15294
37143	11276
31598	27390
31967	6
28417	28716
12015	19049
3997	36800
35259	15577
6558	4073
17842	29549
27328	12527
3449	36582
26345	32432
14458	12579
36452	1716
11892	18503
9253	23758
25071	5165
13813	18541
492	35426
3667	13553
23317	37337
22478	5135
10353	9947
10846	20243
31082	24110
30617	21868
23650	33635
36788	15785
34637	19426
12941	18304
10132	9570
23702	8776
11842	38592
17968	36476
3578	21981
29786	9205
4317	14115
9005	7415
38468	25676
3506	32054
14312	26474
26774	5798
3605	10673
1507	26659
1104	36214
28720	31828
30274	353
36735	18136
11575	37073
4786	4919
19030	19884
5497	37162
28840	8549
25673	5068
16526	28143
23165	8057
17808	1119
12061	23313
14637	17092
29459	17267
34678	18634
16144	23158
18298	4313
991	23274
2124	29533
17667	18865
35455	25149
16615	20085
5690	21251
27871	32191
36205	32695
36396	23200
8825	34024
648	10582
26722	37606
22515	14671
22288	18878
28033	9869
30044	1746
36850	35449
37960	22631
29008	29221
7589	4215
24294	32640
16944	18597
21985	14261
29526	1933
36882	25462
38234	22815
26550	9338
2733	24308
12435	34988
19225	16874
30063	468
12533	10320
4646	4108
13532	421
20447	27836
8878	35809
21860	20865
9862	16535
26913	18709
15996	8702
8912	27132
10573	18330
24639	17305
22338	24501
3433	24486
1719	11052
38695	28409
9970	10812
16311	20002
27235	13972
1354	37993
21068	20012
7014	23417
4281	17746
36288	27067
328	34796
3122	12608
23288	12298
594	37457
30150	37341
4276	24584
5775	21554
12094	15455
9707	15042
25068	14432
11574	36727
15915	20234
34453	549
6082	27325
25821	16076
28983	26706
33768	5712
1566	17744
10152	1629
10705	38666
29117	34203
37583	27817
38210	25348
5196	19958
21136	34594
19402	19513
2401	7497
9157	35017
18853	29437
4634	20046
14700	20106
8384	17235
33145	18211
33721	490
17414	33617
36431	16410
5179	38677
33352	28694
3045	17170
17034	552
22156	34915
23934	13770
35932	25307
4389	23154
18738	11315
25543	35167
12452	30916
7559	36586
35267	27423
4878	4662
11712	11325
30348	8553
21900	26350
2689	22506
5946	19328
17713	23338
22831	3264
28986	3885
38264	37822
2756	24592
35791	37497
23738	8828
34762	20349
15663	35533
4453	25052
28480	10093
6346	16060
25086	35231
24924	21372
26693	6262
12922	15845
32605	25642
5570	20051
32136	14595
3855	18381
18491	13958
27938	33349
37305	5372
15878	13891
31006	2956
8016	26910
26654	9943
5065	38809
14589	34831
586	1972
13468	23531
21376	38336
8684	2435
4922	16168
1214	27697
20335	28658
7184	30510
27342	1906
10559	12660
19093	13238
37486	12308
34687	22608
24005	34384
13772	21715
30360	21112
28190	9158
1572	35439
2505	27832
8689	28952
24086	23936
30932	22551
18575	24833
10642	4467
19664	21836
29676	2256
25856	29557
16368	38372
21586	24562
33774	33009
16850	22698
11979	26468
31684	15034
34774	36262
12703	8797
38877	18530
29300	15039
32825	19109
35632	16524
36017	17405
32094	24381
17807	33703
7008	30076
30801	12499
3990	1142
6613	28204
3897	15547
27682	7166
15285	29323
23755	19329
17866	17936
19556	37612
38852	8292
13874	23477
25597	26796
33077	2182
19400	28740
2503	20858
20506	18184
35638	22993
29462	9470
10574	22499
11374	26740
4168	24163
27366	23876
11955	18782
33001	9008
4322	18234
4784	33
9944	26300
10174	9644
37366	29391
26691	18066
38226	10278
31686	36661
1807	4740
15215	28800
33106	4440
33149	33299
9460	22325
4361	21385
32301	4386
37541	28821
35338	28352
34925	34848
37384	22730
533	13182
18718	5249
15666	1356
18955	7888
4586	2175
22884	13083
12977	37005
1767	12156
21108	14778
37878	25450
13658	29315
30315	25101
30850	1740
29963	37953
12263	25896
1539	10266
13024	25981
30963	32250
20367	414
34118	29096
38630	5374
22892	9759
18247	25069
8383	25096
6570	2334
34181	22509
22765	16494
11373	16065
19984	4156
38257	681
32141	4238
5739	33803
35063	31661
38841	32352
1596	37315
25153	24233
12288	1193
2786	4040
30998	25164
4711	6538
37898	27794
33159	9267
6821	13075
14560	34407
31459	30568
32040	8969
19960	34121
15080	16875
1110	13649
26696	11929
15097	11814
16248	11807
30926	11058
15250	20820
4958	19121
16748	38289
3913	26813
2096	745
683	6085
17734	21260
6810	37942
16497	29932
17959	13790
38867	9613
2730	2007
18934	12504
560	14611
42	22391
25092	4616
29649	12605
24473	31220
21926	24100
12793	31245
8698	13212
13491	35974
36087	20830
7423	29303
13202	32593
25435	25109
21418	35762
33707	12100
31537	36331
30002	723
1813	34067
31353	18336
12223	4852
17132	5111
21490	289
5904	18109
3292	23147
38299	28883
6910	12422
38879	1758
8829	12473
11252	14102
27834	10795
36829	15737
36849	24903
13792	13149
14575	29648
26985	20616
36418	11831
29098	13307
33386	1263
3565	21643
27565	27
1273	24845
36824	21686
23066	26368
11906	24419
15822	10701
3766	16417
35493	642
33905	28771
23210	13727
13433	18731
3625	23034
2551	34452
24961	18123
25863	32365
32924	3801
25923	8239
18195	15072
32753	19142
5441	26450
26279	29931
17887	14198
14292	4715
28929	4180
31345	8401
30628	27169
20659	16303
23629	36834
18502	21234
5331	13102
20645	15925
8563	25565
24561	9034
2713	8745
38646	25416
20801	35335
29606	33173
15997	7988
12436	14866
28426	13408
21098	2178
14877	17406
22367	12102
25807	15442
24084	33229
12085	19864
28541	7314
23907	33824
38332	24263
7622	16636
38864	25553
27381	23468
26152	11398
34448	12830
13039	20784
26240	20236
37020	32059
16039	15065
17196	10160
13257	18288
7591	35744
23203	23145
24467	10624
20230	37715
4054	10352
8359	21021
13028	37629
32916	32570
34205	14939
2409	16563
37089	8052
17652	5529
9576	13013
3593	30173
27222	33108
16439	14470
19202	10241
12146	33218
35849	27433
12153	4353
28874	36364
28261	10351
26216	33436
14117	21432
38072	3876
27186	12311
29636	3738
21448	20088
9918	26486
34158	38907
14406	2951
35337	19860
3008	14199
22466	31320
38811	34364
11770	15001
17438	16308
25624	34850
20285	5219
28103	436
6244	7168
23434	12525
1460	11735
36180	1185
9028	26466
406	32574
7495	34814
35358	26694
13046	30000
18101	28637
4434	2203
36656	11963
29897	20834
24853	10886
1860	22766
38918	17302
30265	38198
30362	15164
6006	14961
31597	16373
12849	35870
13333	4050
16328	20497
20764	3444
6650	20381
10916	14475
28339	9480
38171	5550
19243	2369
17964	15758
14378	8925
13619	33022
28396	22087
33733	3336
7694	34209
36776	36662
38331	15471
19592	7949
12191	34392
3255	2278
37343	32530
2206	36090
34309	35805
37586	9145
19387	24784
32736	8685
23962	16358
2512	23345
22891	11078
33958	18787
23125	29435
894	3009
9280	611
17704	33036
18803	16637
22340	25375
22806	25340
30972	22516
14914	1547
2678	30217
17679	19478
30345	25297
6758	15929
33174	3929
36492	35775
12996	13713
24319	962
35846	3431
18823	38397
17717	1688
36166	25804
37848	23551
18410	5241
3001	29733
26031	15576
28540	10459
34523	31086
2318	23718
8538	21827
13684	7074
24472	1023
23516	19931
16136	30350
38354	31452
37235	15538
10655	4911
13815	31716
26198	12073
8207	5713
34506	232
4254	16844
35261	37879
21637	10663
38212	19836
15562	880
13999	20514
25875	14341
4990	1044
20885	30626
25633	25908
9301	38060
16865	16057
20346	23206
9694	19536
30025	35472
17639	18453
17605	12663
12904	31846
28951	1893
2723	7467
24780	9571
32956	5848
21683	5453
4218	24026
6351	5140
34940	35776
30703	20824
7899	29529
6224	30003
33424	8434
5132	959
9040	8463
12459	35865
2971	6365
30655	37373
12694	29850
4627	34677
29165	25290
24649	604
31322	8793
13678	16427
17944	35950
26771	18229
27839	31840
13918	33354
18589	21048
847	19482
20529	15124
22725	3406
28388	6057
7712	10453
22936	12359
26953	10765
20175	30425
25739	933
4988	23266
20869	5802
32411	25394
17076	15104
22841	36361
2205	12641
30426	4597
29127	2250
18827	17478
26396	35947
16323	37965
19652	27635
18469	36810
1711	18847
4846	21484
626	38294
25860	18755
22388	33638
2624	2335
28726	6471
26987	9388
1806	21916
8311	30358
31233	3452
36341	29045
26567	30069
2591	18935
22482	18141
23354	24179
22183	14537
2933	32830
14584	11314
26823	38056
13578	23929
29035	31388
15228	14401
5163	32315
15246	26862
20136	4013
23893	37421
35076	32187
30652	11002
13779	24339
1541	24460
15921	29937
23584	6168
37385	17443
7193	26508
15887	16694
28672	31263
8037	21257
32431	4510
35474	24695
22335	28643
19205	14480
25238	3138
31052	27188
30765	14041
12673	35689
38917	22467
10470	26595
12117	413
1840	7627
14786	30458
13964	26354
21933	173
6201	6644
23825	15639
2781	12212
33488	36543
5978	3319
3463	11687
32519	23537
22353	5381
34427	24376
14403	21345
15348	17071
5788	20258
16852	4690
14906	22442
36879	26008
17494	4427
7232	4273
25540	34134
9272	26446
25276	28313
28763	4012
34369	3196
7089	11651
34222	38873
20059	34607
5965	16711
34905	23038
1897	28253
37357	23799
20896	34269
37513	14107
1844	23372
25463	33056
7183	78
12448	19759
16293	28652
32135	18891
4053	31748
588	23495
23864	31722
27531	5522
28332	12228
13836	16097
26711	24585
8411	2860
59	17916
24680	26150
4709	24656
7286	9980
5499	28978
32713	38836
31219	6668
23694	6808
25113	5827
30062	3809
16074	6908
26461	17710
26932	38762
36747	36046
9855	16163
27923	3859
6516	27455
32661	6126
3510	12466
16075	37105
21932	7884
37745	35774
19221	547
24834	31284
25873	10884
10290	16765
20827	18839
4872	11070
4131	20806
28697	24142
30061	5789
7993	11731
13446	31998
14911	364
9498	35308
37352	22140
12101	8712
31418	24691
2198	32140
14330	8705
17705	14716
11570	13435
21138	33732
14304	23249
12164	38870
9245	37600
8273	1375
26180	2906
36169	34075
33323	1783
31393	8588
26214	24281
35584	12051
27633	18976
29151	8167
31897	14336
24551	33285
12077	4781
5509	28489
36155	31888
2220	21777
31417	10233
4035	4536
15609	7151
27512	1851
5839	29506
9513	26682
38205	11850
24359	12068
11119	33104
28722	34721
5263	3696
6011	28326
36181	36283
25368	37404
30504	37853
23303	14920
36254	9894
4842	38096
12080	31448
3868	31530
6685	14534
11662	29347
26521	33180
9196	37624
3487	31548
38253	12287
6990	24476
13402	22564
31291	31159
15828	13091
26801	32319
28051	31518
26213	25595
29618	38698
34242	18372
12725	14099
29719	30537
3607	7646
25964	7595
19714	5868
13616	1305
8209	22204
35703	35070
18655	13811
11824	3590
15237	8610
34626	10757
10679	20613
27530	3518
35264	6066
25701	6968
36717	32813
29406	21600
1409	21576
24021	15244
2118	28517
5795	33864
14775	21477
1632	29973
38735	12754
35697	3024
3711	4653
33946	12234
12292	17973
713	21779
22055	28208
22046	34754
4838	16234
10627	26356
2117	23733
21162	38114
9200	14408
9490	31365
26701	18321
32355	13228
6373	2857
12484	14244
15873	29807
17185	34063
19557	15814
7922	26569
27402	16251
24659	13317
10908	14089
4991	7830
2123	9483
32219	30092
2363	13975
22851	8140
26804	26764
32986	11794
34007	38850
2720	26939
14679	20532
22944	2154
23572	31361
21146	36639
14558	23046
3038	4458
7478	24260
3525	25568
16685	24494
29066	9696
7662	514
9582	17370
34639	17053
21466	18429
183	34107
13589	22452
17965	765
9231	26267
9467	1601
19587	17616
26745	37138
37943	10430
23772	38164
11513	14024
22298	34385
6708	25947
5077	23157
29501	2842
22957	24673
30102	30947
17312	4725
28222	22305
14761	15654
1431	5815
14422	2617
31706	15351
1412	10825
14068	14076
7194	22785
27249	11240
22954	30608
3040	31433
24032	31872
30832	2445
7406	37192
27552	33906
31154	12735
20622	24462
24011	30218
25943	30058
17762	11754
2989	18057
33123	1521
16179	24120
30377	10069
5191	27847
6436	27858
3807	16838
32650	32061
12201	21908
20102	25407
1878	32131
34513	32982
24118	5664
35945	401
33849	14802
2347	25410
21285	21722
10095	16363
29405	20093
37323	38036
1920	540
17465	19112
28178	20041
9150	18361
3499	14781
32734	23193
15142	38863
15066	22583
6064	8417
38338	37531
10057	27604
11444	28049
20831	24243
6002	37593
20726	29010
573	7651
24365	4673
7797	11094
10322	11218
30923	8678
33377	744
28797	968
27440	22898
16533	38160
22001	35897
32870	31482
27277	27970
22010	22602
17208	32079
27364	31242
20964	14114
34458	28206
14264	37359
19474	38293
38581	1849
37567	5078
13516	3693
18754	12387
36894	27590
32854	17792
13115	16442
31880	37297
17392	32745
27609	1789
3753	6284
27020	38232
14367	6093
2606	27481
25105	11191
27885	9955
37584	24265
12843	12816
14839	534
20237	15111
7435	20883
23225	16630
1074	29416
27544	30709
14849	6639
31824	10214
5984	11124
38767	30613
14564	6725
26700	37955
32931	16981
38381	1702
2875	19691
15091	34997
38629	2639
31865	14623
838	27340
6390	32088
3360	36635
527	15201
6977	34212
10675	33389
12530	35274
32006	15286
7758	30004
1723	2681
8836	22604
27801	2305
36647	3131
38018	23168
4042	34094
22581	5270
6182	4220
25334	1266
9713	9597
29870	17105
32493	16737
9544	1133
1103	7525
22824	5388
15985	14455
8110	35134
27158	19101
15517	24037
11197	7488
31034	23828
11746	12242
19139	29542
26992	17415
14730	3079
34561	10957
20424	11308
6674	1542
36231	3501
25786	32363
13145	36415
16832	1448
22514	6518
14770	8272
4016	6060
22890	26452
31489	19342
