11009	36579
24504	34385
22029	35266
32478	37948
21561	35955
8807	19827
5259	25094
20640	18509
22754	15121
12857	24802
32816	18439
7338	18544
8009	36022
7203	27642
3525	29660
12460	15381
39023	8411
20160	37752
20601	11518
37641	17314
17369	23688
21227	21131
17876	28789
7654	14552
21894	19515
835	23466
3294	11194
37254	10133
1394	7593
26779	24450
36126	15386
28973	32815
6599	11136
5509	15981
18589	3290
30324	19057
35506	36444
21374	4446
15747	17686
21923	5304
5320	21319
27813	34413
9767	9370
29505	12272
2374	1009
14560	1929
30663	7054
4060	29417
14978	6540
8877	28518
39624	3729
11372	29263
33705	37116
872	19288
33807	10832
38608	21726
18221	28093
15014	1691
12729	37409
14101	11540
30932	27044
39496	2771
9061	11419
26386	27123
24262	25463
4932	15999
29432	37386
3479	16550
24222	20379
22354	11221
21548	10126
6691	3381
36785	17566
2117	37364
5288	11622
7884	1042
909	30869
27559	33317
14780	37980
35600	38739
10417	10885
5809	30505
18353	2070
24669	1531
31743	13397
11729	37076
23350	25876
35485	37683
14655	10356
13790	21750
14547	8163
32993	19514
15552	6645
1754	39345
1357	2266
27571	26450
23198	9780
35857	39429
2386	32355
27298	7651
1734	28034
36635	34354
32145	15948
33886	32371
22314	17757
925	20642
36399	4610
26952	10246
24741	23853
37230	7690
24461	6081
8977	10104
27059	2020
19137	13122
35997	14661
20194	31997
21581	17591
528	36453
15243	24410
5294	15145
3424	31512
3490	39091
8146	27862
3035	24592
5788	27314
11987	28583
38811	37756
37660	2224
22716	913
38962	1551
32288	18716
24273	1739
4871	33205
39227	32582
15788	38646
23209	23020
7221	25743
30033	10704
3286	32304
786	24871
26551	2631
13575	9955
15468	9006
10444	17106
15905	7117
39258	14975
8828	36358
36580	37827
23587	4092
31595	24688
17543	27514
25790	13480
20823	39209
22529	27564
13252	26172
24486	23431
1635	12974
6522	39229
4786	1706
28532	13552
18096	4964
242	21651
7393	24027
14405	19509
5969	7418
2471	4893
15983	12694
4218	37493
31506	28831
38436	559
18069	37580
11318	13744
95	3000
7261	9074
29776	12598
32336	34102
32564	32809
19526	15048
11307	29804
4052	11809
5948	254
37930	25567
32131	34225
9579	5624
29957	11586
28798	28242
8604	38921
17984	33407
38681	29759
28786	13875
31623	26758
12192	1901
1152	29063
15039	32262
4260	27016
35615	28153
29034	7575
34340	33405
27706	14596
15061	15657
8468	9329
38826	36744
36271	32422
11138	12220
16810	14355
32829	31498
31954	5248
22749	30892
20003	10812
16145	15895
11034	32205
33661	36472
4393	27436
32381	3113
4993	2613
35510	28903
37243	25103
13110	4178
17949	23770
16290	23174
27409	28559
37486	4920
27097	34942
25001	21658
32448	29620
24857	12572
24474	10311
16220	23804
27792	25549
26839	7013
3134	30574
30751	27458
32560	24028
3554	6553
2679	17367
35117	39252
10586	28200
30483	25344
12827	25611
8232	36403
19855	2594
10971	25455
26658	32879
33929	26190
7359	26969
9228	19620
30197	14336
33943	33251
1689	20444
19898	27540
30681	14481
2391	21273
3719	565
38538	31964
9152	19755
28320	12052
12454	12800
17068	6327
12032	8693
28266	10786
5343	28562
22534	36998
14087	9772
35949	19259
18593	27052
5506	37575
13690	11500
31444	2
25025	31141
17466	14080
11869	10568
15890	29370
36259	26325
20004	37356
32681	25240
33265	17159
35493	9176
8257	19749
10675	34083
29858	34593
1846	3028
32783	15978
24749	6911
22661	34424
16799	12633
19457	28389
15687	32806
14532	30076
12270	27162
26278	26461
14153	13345
11391	24849
21348	6130
10764	32849
6123	23812
4604	30227
31694	31380
30500	4156
6556	10553
10170	35454
667	8439
37984	9190
34720	35427
21142	23793
24868	19269
9547	1210
26387	10799
34497	33352
36512	14167
24778	19978
11398	21462
8757	16478
23043	7584
1252	27527
36813	12332
22032	22752
31574	9630
11006	36302
38770	26056
19125	13997
37907	2991
32308	27915
8350	25396
34829	23232
21365	28731
11732	15935
14090	5432
14293	23763
21149	15181
11563	29543
9348	7466
9901	30231
8589	24707
30701	6362
36390	23436
14884	20111
35843	26045
30199	32744
29624	7495
12353	30785
1014	7664
5737	22406
4698	6885
1213	10563
15023	32489
37088	32301
32464	2405
10719	5559
378	13038
17125	36450
18859	14732
32149	28739
39573	1577
38769	21620
4763	18284
34198	7413
7705	10022
36438	16219
15073	38115
38672	20401
29748	31136
16599	14944
39425	32293
960	36088
22212	28313
16146	26024
35888	16864
27602	8801
15688	37314
6864	7570
3969	10222
37681	13389
5743	32504
35929	6675
20059	22616
35774	2816
8652	20295
29117	30694
18723	24794
38173	7396
2258	12733
14282	6804
33657	6790
6246	6174
17586	23707
19968	33069
16461	32625
1493	26776
9256	12965
34860	16
30059	38294
33883	38262
4451	24737
22942	39556
24123	38747
10188	16667
37477	32242
34210	12135
13628	35704
4988	36899
9671	2825
1104	26597
773	12180
12367	9328
22047	8692
26684	7897
12786	30336
1118	24733
6717	11431
14432	24131
11110	10347
6734	35080
12710	15867
12682	4481
3416	25169
19204	27647
5868	33546
5557	17471
25536	18282
7223	1600
4483	15716
23031	21521
14069	152
37749	14992
2312	26773
22386	16349
7142	30764
28040	15356
34880	5237
18061	8754
7192	25991
28773	13019
25646	10733
28449	31393
12588	21790
12723	38869
20216	13599
19868	38021
14645	27273
12030	7992
19897	5879
32119	16953
34191	35758
6439	35763
17120	16977
8620	32893
33525	3262
26574	22448
37126	10828
30056	31494
33706	10901
17127	32218
31860	1905
26120	39115
22703	35215
11517	31689
23187	37004
2859	18196
18286	3800
38618	14272
13757	28946
27956	1772
16811	35921
2141	12684
28658	884
851	16606
15585	11503
29612	15378
10438	31682
29560	9127
33933	35969
8283	18579
15736	24423
4357	6756
26894	7715
2837	35815
23906	11122
5222	9229
19726	11561
1171	38096
32377	1871
17644	6656
36116	24925
16654	15319
17761	15144
24514	2101
17503	8378
24894	34972
9827	30078
36992	30052
39468	26115
22549	37823
34012	28763
2805	2512
14815	34414
33797	576
1603	28452
39203	8098
31987	35658
28176	26370
21251	2804
34465	28796
8372	3428
20315	8501
23047	20081
38708	13123
26482	10024
19040	8251
38823	1792
30132	37633
33765	11646
20473	5763
12772	16579
19554	34434
9384	33357
34382	12001
17302	15264
513	28977
30775	13577
25782	16913
6230	2481
7598	18667
31514	31744
16064	25459
13973	15009
7504	22208
10482	31693
5202	32614
21694	31131
675	3925
4757	25026
5848	5984
34270	27574
36769	25221
2530	17269
11378	5255
28416	36381
16968	7456
36178	26552
71	18001
17374	37957
17720	19256
20285	13285
33823	10278
39578	28921
17824	36550
12828	24690
23851	8848
27170	38852
19663	33924
38555	38088
4270	9993
21019	17751
6020	17260
15445	10678
2336	19530
33663	32742
35480	29161
5599	37551
10637	31571
30904	11726
2142	36361
20511	34589
34596	5279
11317	4898
15420	16774
17808	25828
9655	10009
37072	238
34931	32896
34584	32531
17573	5629
17558	29460
16884	5496
38735	14060
29332	32130
30736	13184
22566	27195
30742	19603
35715	6833
35729	109
13183	22483
6705	30371
2820	26104
23926	35811
36952	673
21235	10558
32204	27953
24902	24774
27934	20152
27693	15940
36146	6518
26600	24459
21648	23702
19724	22571
12062	29439
32380	33110
22401	16531
3607	29254
15028	1029
14312	33694
21292	6313
23254	34894
25780	17795
6463	21837
4385	8935
32003	25433
19169	21809
4781	24907
37255	849
23697	35443
28517	34665
4945	8775
27561	7158
18833	24588
39501	5794
31642	39163
28374	1052
37119	33537
29808	31460
27339	30185
24225	34718
1179	4892
5543	27211
35938	30976
7984	3541
7531	37315
28861	14354
29410	28738
36962	11104
133	15002
11713	12905
21349	33156
37028	33970
423	31982
25840	3836
21626	6256
39061	36897
38564	20120
20944	20140
18783	12354
21008	34666
32490	38952
7017	6741
1939	7302
35979	31992
3446	21644
35342	4103
24208	39289
33791	13859
21827	19499
30813	18930
29382	18330
38215	14741
36852	27864
22121	30049
6580	26449
5562	19319
7380	14503
15367	21174
37897	34108
23168	33207
28997	38235
22342	21090
11466	20423
33136	24539
11180	18481
3685	23056
7539	32291
6535	490
17407	18888
4082	31348
18131	22206
8629	26892
19899	13732
16706	10154
7304	13784
15290	13799
21877	24487
15129	4664
4104	7606
9372	37766
14035	31960
34217	20252
15929	27366
3278	996
28321	10669
2091	10352
30946	21132
967	16871
31338	31069
39112	39201
831	16060
3304	2765
29922	19227
16040	6561
39020	38423
12314	10010
28428	11040
15335	29192
38906	16419
29958	4930
27714	9520
34863	26408
2186	5439
3694	16150
39098	30569
35827	37834
38754	32483
11292	25588
8956	22634
27801	4572
24441	24816
35258	13536
12872	38933
35693	34300
8072	35620
31200	35066
32552	5911
32551	4065
16368	38725
11548	34586
37798	557
8822	25732
37223	1263
8395	34768
19077	34463
4824	26988
8280	2487
15818	4001
6682	34187
28264	30771
18242	35434
22000	16463
18785	33982
3669	25593
7879	36033
1881	17791
33448	27272
34873	14194
19835	16569
5801	6791
11044	8714
23524	31294
32030	26466
26635	18942
23321	0
6750	3242
30787	4254
19202	6490
35953	630
35415	24228
30604	31056
22789	27355
5770	16819
27613	17470
5353	11918
22257	3582
30175	1801
18618	26122
18747	21302
16603	39617
20381	34104
35496	26070
4020	7856
6884	23402
7090	30660
35147	34638
32085	34456
29231	3406
35118	13907
30970	4819
32856	17230
2490	21012
23826	10820
29448	11723
25352	36477
25745	8202
21356	36935
6162	39602
34633	9128
1351	35601
31907	16028
4991	35592
39587	6454
23113	14641
35581	12274
15036	31839
5163	36607
13638	18448
5046	29167
27597	3268
6810	23618
1157	8542
38877	15289
501	7709
33638	35478
27290	27292
14917	6445
33483	28722
22365	19736
34071	24710
17570	38481
8558	27153
1509	35355
9304	16358
18838	7123
28378	27198
8327	28299
22552	38515
35644	3534
15097	17935
20153	29232
23696	744
14810	32535
28678	15325
4771	36258
7997	19488
29288	3498
37737	34397
3060	7774
14403	29470
36532	4668
23228	33043
38893	33488
26147	8198
15651	3029
16217	29798
12414	18800
27495	17006
10445	26258
37629	29246
12049	9453
20200	6872
21601	35438
26357	8653
27620	14650
33952	32769
18058	12172
13522	2237
32239	32728
13930	37035
19091	25773
29478	38462
23094	18428
3059	12285
28218	27411
39458	36834
35335	5180
32111	26247
37935	13984
29856	3642
35557	1167
14234	6856
35958	35126
14363	21080
5491	27795
32968	6302
16337	32874
14729	24188
32786	35593
26804	33937
25228	18119
18624	18397
2043	37921
34470	21167
39231	26867
3275	33342
14716	11611
15223	20847
36973	30320
38031	33294
25586	31220
38095	14376
33481	3150
892	12870
21953	31080
28246	12340
29225	20190
17775	23358
17203	32688
3493	9957
23581	20490
33819	12853
33571	877
11498	13062
31315	33332
27588	17054
33551	13315
32429	5955
35707	25952
10579	2016
35096	2316
6409	25022
26830	6285
24345	17057
23053	3505
19535	39433
27604	19490
17809	30691
18311	11343
11814	11984
12779	23456
25031	21531
28769	28326
5092	29094
1040	8817
22682	37133
32996	18377
35121	1500
27362	28204
38775	12906
34390	17037
34478	1890
997	31764
30354	31901
32327	1228
32989	18452
28526	13662
2616	12217
21915	35091
30241	33567
1276	21654
480	29722
7824	33323
13962	1584
1176	20084
21099	19275
25196	24603
1800	12561
14833	35384
15454	3949
7945	36578
37148	30780
21578	6201
19295	32214
38904	14591
11722	34631
12676	22277
2075	15427
19235	23877
17324	30836
3880	25684
6040	10685
23761	14969
39324	9472
25101	12746
30254	21717
28085	2527
11786	26087
6992	7462
17307	30749
24910	38800
32559	27128
21054	10955
36556	39249
25794	9984
36479	16080
14360	22040
23317	33771
4699	39060
28363	11164
39366	38545
474	27267
32094	12039
21635	27701
17733	30841
37344	25293
11255	3705
3478	15835
21782	473
36543	36955
39406	39397
18824	14472
17002	22410
15812	21663
5056	36131
944	18560
13803	26747
15576	29429
32975	20229
35971	18642
4624	19721
23527	11838
939	15197
25218	33256
15900	39375
6171	23900
843	26734
590	34934
4686	137
15554	39146
30204	19717
24891	12559
12638	33522
12265	21200
113	16087
27868	1532
38723	9305
8250	4204
21079	36789
683	9637
9809	24378
30097	5390
19566	11951
22638	14032
37649	39182
27252	29042
36839	20899
38023	24282
29235	27046
33658	11360
5429	27104
38687	34937
16899	39234
30057	10152
335	34527
15	29060
1199	30432
31567	547
38016	27091
21568	3860
35017	300
3724	23130
13330	29323
32158	1738
20144	20535
20807	36301
4513	1508
7620	11436
36330	10795
35630	27346
9693	9701
38044	36669
29779	13485
34969	2744
10254	11522
20165	24002
28441	17873
10183	33310
1178	11704
17050	25483
35350	17912
14277	28102
1021	35676
19382	34494
28643	8336
38037	15793
767	6341
28314	13788
31611	19617
32855	21783
24436	25852
33085	24192
27095	22126
18223	13888
15300	20375
18396	36449
34852	19549
13534	27214
10400	3111
20613	32790
10781	30860
38209	8800
17849	10467
24390	1966
33487	27444
37724	13908
1651	4141
34027	16780
21	14015
3367	12794
14319	7616
32653	9394
36855	31002
7561	25446
25803	36135
28539	34395
6403	23182
29575	17044
38019	12067
29190	15559
34201	1581
24559	34941
25824	37407
6268	15768
25302	11642
37853	17580
36428	19929
33724	33945
18270	4430
34293	14413
24156	2378
39238	20133
17829	4
37564	7538
16391	11851
7693	4758
7648	33712
19948	9729
33482	12363
32455	1248
11654	5526
34197	27299
33852	11867
18719	16089
38442	8810
3679	13960
20537	36819
36896	16268
21788	22337
29191	20445
5006	455
31095	7472
4412	24564
38185	34208
27541	12473
39626	11549
38783	9079
31678	36682
10983	20032
23519	29818
6875	37698
4135	21343
25989	30095
19795	32756
19373	34514
1237	5151
22527	34192
34841	32847
7770	36599
31231	34510
11949	4304
25326	18100
4491	31702
31088	15311
9294	4914
1103	11913
18980	27045
23166	3916
18060	18866
30919	17256
31639	30195
29512	37860
234	29507
442	34622
4743	13448
13970	6635
12160	26069
33501	18690
26560	12660
9054	31203
6900	5177
35826	15477
5808	25385
24488	25634
31779	15757
7345	3267
18317	28190
16126	28820
26550	9325
26047	38245
18359	31613
23653	28166
34196	6921
24417	19207
33377	11773
22511	36039
10367	37968
19101	1119
13524	4956
31906	8084
27348	23030
14104	7712
15619	35369
25017	34294
25937	30426
27325	4641
28419	32322
38691	9486
38367	17846
730	984
30080	31009
30994	15898
21604	36575
23425	10599
34963	38827
27759	612
2738	12925
13668	6851
12904	29963
194	27101
21417	36934
33618	37046
6989	35093
6286	11237
24968	19973
1620	18479
30903	16155
16699	35893
5920	14938
19885	5877
33774	14605
5726	39045
22985	18997
9211	161
2128	12599
4208	12074
39117	18360
30947	1196
9566	24353
35967	24675
9810	30891
4275	20618
37201	36977
14719	24673
33853	35290
20532	2655
14643	38194
13490	35974
6486	33713
38399	4728
6388	35733
14819	29003
18459	9667
33350	28985
35776	34530
23591	29700
35866	29663
14010	6401
17996	4800
28265	20832
3954	1216
19967	23994
35872	38916
22287	2317
4552	15829
12303	13613
6640	15257
7717	5907
25322	29568
17101	7787
11315	28014
2650	2092
36491	22582
18165	25831
13402	21592
31803	31824
32155	34682
2795	28499
39022	26322
24950	12258
1459	5881
36651	4089
31331	23584
28340	2243
27920	32991
32780	2731
26310	4882
14449	10428
1652	3396
34563	728
4095	39293
6747	16855
32096	15656
27633	12136
30700	29554
11163	26947
37976	26401
37690	35378
622	39377
13228	39030
26785	2167
1511	19503
13436	17280
23119	30440
24729	31218
24015	21055
28367	2863
33073	7536
12602	2538
4717	24034
22312	18554
3006	11350
13333	20809
12029	18364
14377	15051
3730	39408
4696	38162
14392	31214
21537	15723
3928	21824
5641	439
27968	2962
2488	21084
17611	11789
7883	24578
27874	18913
31344	32789
9887	30319
38427	37278
7360	34611
17654	17094
12241	447
26346	10904
33704	30019
29841	13286
26896	6583
6500	3011
30935	11062
33585	27270
2129	12532
21202	29635
22194	17811
26366	28393
9019	14622
33988	25331
5843	34716
16921	29585
29773	32726
2175	35130
31855	15915
31073	11283
28308	5001
23625	39265
18984	30085
21451	14770
1760	29367
29069	32982
4536	16518
32	9303
33905	25244
27878	16535
13786	9625
34334	16795
18640	18051
26918	709
20938	1081
26261	16496
24520	15994
15968	38727
28082	15285
9876	30453
25313	32473
2047	34740
21497	23845
22849	27738
4992	6202
37522	10839
32891	10549
12780	14941
19308	2974
8804	33033
29614	637
14930	1523
26710	35553
25114	9064
16490	26271
19927	2855
26646	20796
4753	1519
5663	32722
38225	35050
37576	38526
11176	4416
17298	22591
15388	408
15227	36816
18204	13659
29148	9242
8440	24706
37045	3990
22850	17778
30520	14093
16973	37322
33379	19844
28507	9315
15116	30776
28839	27694
8698	7021
30300	31416
3097	7848
17627	33699
28905	23515
38030	24616
13071	12439
17819	24996
17109	35191
39055	26178
7727	21327
10804	7881
39461	36786
25468	18556
19221	37274
24634	26307
4653	38531
33844	5328
10251	22595
28354	19651
19610	5606
29267	37918
21203	25390
5564	22127
18674	8093
24158	22476
14870	35331
18012	12760
34604	28560
11681	29972
11862	2705
34299	10061
12661	33078
32488	587
13151	38375
21387	10230
24899	12656
38257	15932
17828	16464
23912	16386
14454	8081
20410	35307
796	38592
28862	13985
16832	16525
18156	29530
2598	38069
12477	8125
9641	34369
24284	20366
22349	23241
19830	20047
11848	14034
31926	38456
8625	8493
22526	34253
24754	39126
35142	34730
37506	23990
26181	29247
30906	37571
23367	4540
2260	10534
29674	39614
8568	36936
14740	7210
37729	34115
36903	33125
10990	18416
5914	1244
38345	36099
5421	19813
1827	15756
29833	33316
3758	5529
7560	31787
17697	5626
14344	36181
13489	23401
24818	28687
34171	9160
18084	30253
14735	39102
13633	33258
10216	16382
16255	12992
2138	8982
5474	31899
26721	9857
19281	14757
27567	13406
20395	1479
5936	11403
1247	3913
34903	1303
1240	844
29883	8645
5910	4622
19071	30944
26126	28972
8021	10667
17555	26775
10709	10364
29942	35690
21415	12838
10724	14551
31835	20104
28775	36571
19988	9117
25804	20503
26697	35032
38803	3063
13525	5428
2389	37979
18206	38203
10673	32250
8267	24637
21793	25712
24415	23925
1292	15055
23447	37873
24162	15785
14014	31323
25801	29769
20121	21870
28816	38370
3095	7033
27108	27587
1030	21988
34745	5773
14408	8525
28331	35643
12673	8998
3356	23627
197	36177
16578	37505
12391	29925
5060	18500
289	24844
227	25012
33443	23928
33776	26330
27518	27615
22901	10994
10734	18174
4838	29719
17007	23933
12569	39475
10115	2901
696	6466
24620	31185
30930	18347
20584	37137
16763	39416
35421	28221
15101	3461
5040	10437
19273	30856
16410	1757
1008	11931
35153	22962
26197	22908
9534	10101
17100	39154
35619	17917
2121	39532
10616	31145
13782	2961
28197	22899
15664	14760
30961	23469
20228	7154
26013	25796
12869	6735
18793	26101
4525	23646
19685	15423
15110	31018
37450	30379
10303	7397
8833	39125
11671	33689
16898	9109
24990	13980
17871	28579
26290	14918
34725	33590
6592	49
8648	9970
26647	10318
1788	22164
38856	25873
4190	12209
6469	25902
24819	4862
29749	531
9276	8341
4400	10272
28942	3240
28436	25868
24392	31994
13904	38214
16950	20443
9746	2127
13711	10099
3684	802
7920	10050
3016	28777
35739	33301
8070	6487
20435	10035
27241	12636
13707	15143
6874	27768
11929	4745
28904	17124
16281	21330
11936	21995
29076	37262
8153	11494
15720	9977
38765	18672
21069	38272
30081	6186
17509	4607
22167	3117
27961	24980
5499	26866
8344	28667
13934	23927
23055	17771
30430	862
13593	3337
12176	7305
14206	6066
22270	20311
5018	26707
34799	6787
35163	28826
19533	24361
22156	9324
16008	27793
23967	2701
16939	36489
29690	37488
8667	30734
6597	12011
4783	17493
16824	38532
18422	34561
28833	16421
19286	20811
30104	29038
11545	18014
15361	2423
19690	13148
24617	12445
38494	35599
10825	37413
32450	38580
15127	6103
33679	26374
26875	4933
39445	36559
37922	16365
38062	39584
20474	37617
37747	10567
6828	19416
9374	22076
3994	8705
8663	16298
36666	38067
26662	29658
38040	38156
31324	3390
16598	29489
38011	10007
992	17518
24715	35186
14468	973
25895	7106
4261	26182
33835	31493
7061	1843
3130	35274
16427	18434
9441	21152
924	39066
36300	36980
1327	20467
23240	14871
33875	2190
35681	22742
27155	15789
4891	19748
5741	37583
36393	20264
14581	12681
8103	7756
6279	6767
11839	37478
21978	36095
24926	26791
12593	17195
1990	18657
33438	32124
37412	8655
21621	28217
6847	25235
24446	25310
20359	13055
32156	30728
39242	35110
18861	35952
33384	352
3008	24349
13863	34743
11357	13544
39485	9950
18394	39539
34905	5160
32644	19983
11573	35280
13173	30534
28802	7969
14460	24050
20409	16593
20829	25430
15412	23423
9133	4545
31984	8104
12728	17194
23709	33632
6460	172
35232	29026
35432	38624
7506	5360
14927	11470
27993	12769
4584	12249
2470	15897
2669	34692
586	16664
26474	36999
31319	24734
21207	23336
29364	25802
14660	13945
20844	21353
12496	21562
37805	33755
14912	19369
7392	2926
26355	32035
1073	15653
11414	21125
20361	594
38546	31716
14453	33927
25507	13434
762	37115
18103	33509
19222	13491
22608	28582
1232	19931
31975	38979
31445	16673
10758	21513
16106	13809
18881	5323
39564	15622
35796	24341
32260	29973
13340	17370
5604	32406
5516	4414
27449	38870
12017	39372
14827	7792
38807	20762
22116	32848
35660	33383
1480	36473
2854	35700
18597	35139
17024	36888
27770	15612
10265	7528
36427	39504
9840	29201
19771	185
4702	30012
27674	37271
14370	5346
11359	30983
1733	30119
14529	17181
2151	21897
19498	23580
15428	10462
30387	1094
33992	21673
18129	36026
34231	34136
34990	21600
24036	11993
5944	34957
14550	33861
33611	31826
19298	29216
31914	21965
12125	28846
5467	25075
3450	33138
13227	25071
6521	14585
13739	4789
14772	1165
20731	37985
9327	39074
30235	6010
11945	11606
18022	9232
15196	26602
26432	14178
3143	13709
10740	7689
2768	35519
30602	8190
21763	19084
12914	14990
13886	18673
27152	7098
3692	23087
11740	2292
37141	26717
19843	8338
16580	17130
15493	11514
5234	35425
4890	33118
13576	24318
37042	14311
22560	27739
3174	30164
37734	4852
6356	15780
38642	8377
21267	38841
13698	38435
7130	32592
22006	17934
12744	1116
17569	20828
15476	9186
6550	36826
21246	28866
28329	9890
18865	18081
22463	36331
25266	456
6494	13643
26670	14563
28112	29947
1325	36048
16918	10406
5890	28649
25197	7755
22813	16135
17382	7511
1728	22364
33560	29385
37867	30553
13828	30796
28127	13331
19031	18467
16737	3980
25404	22707
38121	21234
12331	23668
7057	37707
39650	10469
7902	13357
11387	34533
38809	20070
34891	15118
28113	27384
36951	29571
27356	27703
24906	9942
39279	32797
21118	31617
37009	25462
3782	16063
9389	9405
35560	27453
29637	13474
27320	18234
36695	30550
23870	11015
9773	30496
28863	25525
9889	21204
2109	10545
20085	36214
20034	34575
9347	23035
27548	25381
6971	31809
22958	19784
3319	1200
3191	16116
29545	20905
21901	7406
21446	34539
38419	34439
25448	4349
36798	14212
6056	38722
3154	21630
37928	14474
25186	7695
14226	20102
29141	23607
15694	18951
38883	31610
17774	9691
5345	7395
33367	29262
8056	30273
28882	12966
21545	4975
2036	10716
14908	6310
22748	10574
2668	17211
23712	4777
25335	28952
14997	20710
23309	11149
17431	23897
15320	7298
24389	9495
18679	15058
2501	4069
27998	36448
22993	14765
1682	10374
16942	17053
24377	33688
28236	37570
5099	33741
9557	32494
3273	12144
3192	34380
3650	33764
7448	16036
566	6624
9265	4139
26637	6871
449	10495
38359	29946
36460	19537
15872	5875
20318	12709
12163	20225
5851	36084
38298	89
34770	38760
25769	37779
32952	37725
24029	39153
202	35402
4692	26548
7190	28094
15775	1755
31079	11588
37268	2562
31199	8586
563	14027
12548	5539
18111	1711
1409	24317
4004	25638
37328	27660
25122	32505
7445	19887
381	12967
32881	32397
1808	36423
22758	12397
33375	37305
27562	3535
3350	34761
6112	9467
39046	23872
34620	19012
36608	31376
38796	38932
1251	14831
27665	30112
3832	13966
26323	24783
39423	6519
8606	18957
28955	3919
29160	37180
23605	30847
3293	2179
20965	4485
6441	8617
16843	2596
9656	1397
15293	20837
4413	21307
23462	24832
3863	27437
10627	8119
30303	3474
38274	33867
34441	24585
15352	2761
39636	32590
18749	30698
27851	20108
8570	155
22152	22982
33246	25088
32934	5977
15182	21973
38072	28027
21368	12581
28387	7894
6981	9360
29989	37770
35268	30023
25305	33949
13468	28993
19167	21836
1992	19039
6161	14448
35972	17423
22838	6990
16474	2999
11453	29613
11282	17497
30987	23260
13710	22311
11542	29549
36676	32765
14148	12346
20771	29615
6387	38434
35582	24752
32361	7659
13044	35537
15715	10813
5158	32372
34428	8685
417	35787
619	20935
13910	29923
36989	30581
30933	12450
24294	18760
13413	38967
12465	23068
30591	27736
7407	4566
27146	5960
12546	18886
38403	15046
511	17315
12101	21014
30952	11296
2986	14630
37903	14883
6601	14814
9795	38860
7508	18176
20277	39042
15478	36461
27727	9200
25959	36689
1938	13743
30205	39474
488	14863
2952	7087
108	25717
11389	20142
37073	20714
1471	38887
9616	32561
35175	12995
7206	29213
29692	8579
13269	38477
21041	37248
5201	1617
26973	26139
20865	33855
22542	21878
36397	4925
2813	33192
4289	33094
26422	9283
29928	31041
25892	26705
336	24645
4320	29668
17064	33429
26389	5054
30525	23225
27385	21239
6438	30147
34534	11324
8741	8530
24398	32092
18902	36688
7948	32616
35182	14036
827	14829
35426	13032
38396	19615
3412	18005
435	23517
29679	6126
31466	35248
15748	15091
35514	6569
32763	7827
6826	23156
15074	28688
36316	14043
6262	7731
27490	6568
28765	33562
18030	4437
24680	8412
8776	6610
1241	24323
9082	29093
9162	31872
3248	6176
3426	17769
16265	19314
29133	8906
20486	29712
12704	21762
26803	6867
30611	31239
14961	9050
2984	35650
37195	23957
856	21819
18745	11209
10123	30040
29032	26095
22266	21779
22739	19505
21232	3921
28676	37620
25187	15183
30774	26829
9487	1184
16991	12801
8598	17383
11151	10970
27519	9063
16941	37915
37244	12892
7260	7686
25524	3763
19468	295
6531	34803
20656	19773
35136	4399
33385	3845
4722	9429
4078	21637
37851	7029
21248	35800
5340	37250
29426	13334
18974	13849
3204	36869
7039	37880
20123	39567
19145	27274
24803	14862
26312	18126
13716	33902
29269	12871
23788	30804
17877	31115
37639	14046
27686	3449
38736	12359
21655	32466
3609	3651
39178	24736
33195	15706
29978	14303
16105	11577
21535	24962
7917	11914
38169	37420
5889	15094
38240	21403
2810	28510
19172	24170
29539	33723
20758	8086
21198	8269
38052	16450
34677	30840
24769	29449
5806	31750
24290	35897
36139	25546
10301	10221
10954	11585
34635	6448
19206	28256
36739	30206
33070	30345
10169	36573
14063	14369
6499	31026
33972	36685
19655	19856
1334	37637
17273	5704
29598	29740
5581	11693
35682	23758
32185	25264
33271	8673
13637	34938
3586	7871
23098	4439
26714	19957
31114	39136
21756	38324
7050	38996
7759	15354
34994	32757
24247	22218
10753	39479
1421	30451
5493	18059
9902	39644
24329	19782
17258	16972
30307	5457
9140	33474
4648	30794
1781	23665
25741	20767
836	16544
5308	25912
12012	10268
235	33733
26909	36832
33466	16662
18707	6318
26831	18349
10989	38571
38558	2856
4848	24856
24542	22137
5897	35533
18457	19056
30109	16817
35306	28648
13824	15391
23377	26873
469	10862
12472	20657
12583	881
36410	26733
218	12283
38991	8013
31423	38394
573	30940
24643	21954
31516	35084
13917	30434
19177	10944
13181	38048
38411	23560
6539	5140
1163	12479
24930	12035
19850	38401
25907	37859
6233	916
34806	35034
14813	10248
34900	34398
1965	32154
30006	10967
39327	16031
39150	11664
34337	14761
7321	20219
1975	225
8544	35020
3116	13919
22806	15796
19745	14470
15972	12143
26030	29851
20851	34016
17030	24326
26610	9154
4371	13657
31311	28975
9317	33234
16723	38806
32839	26399
966	30852
8723	37803
10063	21335
21458	1215
23497	37786
7714	3796
12928	6016
5917	22920
9826	22020
39188	30743
10948	26230
27863	24548
21900	12505
39364	14136
31361	24801
36709	34728
5127	25519
22894	13318
15337	526
32101	23330
37490	33064
4741	31690
6639	23034
31024	31970
23538	6261
11170	11531
29488	39299
29570	9895
36467	34384
11578	8279
22231	29918
10969	19493
11898	7008
36572	8179
821	23901
36091	26150
24860	19072
10039	10783
9430	4977
12084	8777
21515	32906
9475	31700
22162	6586
18344	20227
729	12371
39349	29079
3805	21393
17364	34696
10262	21252
24560	17563
22708	31752
25544	15406
3557	18385
22161	16878
5904	21887
25436	22370
7430	25491
9988	38653
32956	22809
26032	28272
18236	10013
34609	35315
16292	24482
28430	25811
24591	7567
35873	3543
26813	22261
12093	14965
9690	8656
25231	11293
1494	12382
23752	31789
30088	5272
4632	35320
16792	24671
25286	6292
25447	8744
22800	13915
35417	17653
7976	1413
37358	15700
28394	25399
23806	26469
14878	2249
11905	2543
37321	1373
30627	22022
21893	16183
29720	4659
8309	36909
1510	20464
6896	5964
4346	27425
19317	27636
14202	34846
26314	31048
10565	29466
23491	34230
6801	7995
27557	13289
2241	8595
18638	33695
6415	12396
1384	38552
6045	14885
34688	2860
1376	34110
34365	15794
4370	25926
1091	31717
891	32067
32748	36625
32677	11206
10787	31428
32686	35751
9156	12376
38254	27550
37289	6795
32412	21660
14579	37706
9092	3205
23406	32743
33561	17897
10436	34706
11692	9996
23693	23829
38833	6077
6017	36
5368	37228
4445	24509
18758	8293
17987	29996
29441	24599
4633	32694
5120	34325
2049	32175
22056	3769
18647	12554
1182	4502
38968	11182
19394	18573
13990	35132
20997	32110
11857	12156
22944	31782
23116	33913
1077	35680
4651	27904
33467	6819
11148	21094
11107	4155
4948	17633
6524	10502
18085	3318
17222	30918
4563	20403
15236	29265
14586	6429
20367	10975
16963	26365
24337	20458
31092	25665
10510	26696
24946	31409
25652	20900
3156	5181
11186	8074
13660	23219
37226	19079
4427	27388
25733	30859
8812	1876
35781	31286
38684	12341
17182	38036
1017	26679
17473	10443
25805	24175
14803	1815
21815	36870
21216	2081
21980	19677
24626	27709
1451	19710
35879	16716
12770	22458
1556	18383
32404	27873
633	14654
20884	31226
24217	7252
19540	12037
22948	16388
27423	10618
16315	33830
20039	23559
6289	24316
1101	36051
29619	31684
11331	28346
33165	39111
14248	29234
25786	8773
25224	28431
36179	7850
28750	29391
14690	11823
4452	8079
9433	26780
25624	9997
36524	16470
18160	39653
25461	8220
3466	1260
29944	708
12410	36388
18979	13099
24656	19329
27476	28674
14351	36545
5078	5648
8229	26058
22713	8024
18202	13614
10651	19792
11668	17857
21184	28124
11904	13565
25580	14659
9298	25894
29302	29666
14913	15744
850	425
33539	919
36655	6332
30312	26044
9686	24148
16736	19935
25955	9008
11651	6729
30355	27203
21813	17453
36314	20719
14647	37013
12327	24380
36138	13592
3623	37592
14291	8007
6114	24569
33915	34960
11640	33849
35440	9921
21556	33734
29041	18356
30579	11795
16640	13424
16247	10076
31911	12832
10395	9149
16783	12677
19443	25490
12937	22038
10622	9829
32150	15602
13430	32232
706	15985
9234	11744
19215	20512
22711	2975
14437	30403
618	32276
22462	9643
27221	2870
21106	30693
10031	23849
29853	8742
19542	12042
7152	6283
27231	15025
10868	22590
15315	26435
13689	7768
4267	14725
28178	5821
2034	36341
19095	7617
4995	23831
35410	2051
39083	39580
22550	17976
8805	19609
26400	9883
21879	33107
32709	39503
9478	1007
27641	38081
30531	38868
36638	32868
32733	4323
11256	31182
18898	16139
17187	1954
7330	37817
30871	16137
27029	1661
6052	32698
35749	169
30746	21390
33462	14241
9974	21333
29009	8713
14587	22111
31864	25067
36717	30953
25825	39516
34276	21411
35881	5058
37191	25510
13857	35780
9506	28254
6778	30449
20626	26204
25619	24278
16546	35810
37874	29128
8755	21799
1855	3558
27811	10912
39333	9462
37398	31796
1487	19021
17596	2146
22984	37904
29494	13295
24855	14723
22461	15581
24747	26990
22735	18726
2275	31087
29521	15385
22383	37310
18513	19787
6929	6288
24820	555
20491	31161
37471	17486
38772	11676
7055	297
37170	8062
29526	37705
4262	9509
23987	34267
37886	12793
4453	30182
8916	6783
20041	24354
33815	14778
3584	23126
22779	3414
839	27614
4012	14479
35549	15250
5510	30414
32944	7461
27760	18296
13249	18378
19661	5822
34073	26267
32264	39195
25645	20825
10420	38530
38915	14045
17206	19783
6542	23803
14123	17212
13024	13899
7814	10822
18882	21555
15216	17999
8782	36434
13309	33662
32125	24745
10521	18376
10723	30908
25386	2113
9542	19577
28689	11685
13753	1425
34769	4546
16284	33666
13840	1528
28616	16173
25813	15400
37515	28165
34275	8988
20372	8475
15191	23663
1280	7173
29765	39353
6022	33172
17478	25807
17504	18104
35898	29703
8992	1391
35735	16894
4257	14125
6491	11264
32713	10071
24921	22880
19445	4731
31036	15607
820	16588
524	32741
30255	26298
19242	19989
30201	25227
24924	26801
8816	13520
13833	19098
27448	22728
8284	26566
10559	25024
8945	36767
32432	28894
2106	6028
26092	9084
15753	25216
27815	30920
36815	14789
28456	25072
5949	30658
8012	14059
38143	34280
30150	37188
6315	4853
14914	2285
9578	37165
26901	5103
35016	38983
19579	34086
30245	10261
39291	4721
33690	7936
12844	3384
24604	24199
33293	7805
18846	19605
256	3458
30549	760
16374	3703
28248	34958
24977	5186
23395	29413
16865	26584
127	32006
24082	14132
659	30092
27342	16404
2603	35021
37597	11226
38458	9664
23090	24630
26016	35005
7767	6549
19669	3579
27165	29463
10928	3024
2636	31936
28371	9812
12996	5469
21615	4905
11859	2170
38854	2008
29752	34054
14018	5196
7336	37273
29504	22217
14	14584
23120	9918
9179	11667
2678	2375
39528	23822
33116	6129
39647	17679
6378	9786
13283	15284
33985	13425
22048	18604
26445	35310
33024	3152
20038	18203
8955	8929
11146	23808
11471	15373
37561	13119
2068	5193
7047	11883
17254	24447
670	20317
30767	24357
37136	27475
3559	34011
4127	5870
22672	37027
30538	30184
3678	4326
4253	29245
14225	39640
16755	10382
23364	27213
27083	14957
22992	8237
6183	29645
26966	1177
15954	17365
39275	478
35809	10291
7662	38113
9390	18655
8999	25023
27786	32508
22368	15302
21767	15540
38548	31424
1675	26672
4688	11656
20564	3917
16702	6187
12488	26304
750	8748
29714	39013
39310	274
8487	6115
3171	21443
15735	6623
22658	19126
32431	35401
24649	3986
8997	23802
10871	28595
23950	3686
30144	37304
7614	15134
2339	18197
24091	9269
6027	7428
9761	39538
31847	7079
17152	25464
28998	23023
37461	21527
8873	17973
29155	32695
12751	11420
26811	38696
29056	38286
1269	23753
5036	865
14274	2331
15357	28800
1489	33916
8426	30465
25456	39197
1034	11958
25273	28373
14420	34566
1982	20312
3656	7706
1371	104
26359	26108
23470	17244
32337	15941
4209	33715
38910	21137
3717	31110
35664	2178
14072	18309
29934	38386
21029	13440
11039	19485
11863	16575
9924	32628
10481	20424
21466	39360
4858	10902
5995	35170
24507	30470
33485	6616
8899	22039
32658	6342
25211	17155
10595	27498
5427	28659
7414	4391
23452	30677
12485	32501
31070	26659
30376	29284
503	6461
22760	12930
38655	6138
10641	15787
30880	1694
18247	7647
10270	27242
15772	28881
28203	11088
36895	7213
12013	28287
24982	9899
22782	32378
4333	5668
17123	6814
39068	7554
10831	753
12745	2108
30498	31078
17421	20291
7986	27637
23368	13556
38265	37058
17577	37000
30638	5073
11450	15490
1576	1814
6325	15150
21990	2996
6743	10040
7569	29381
70	9885
32444	37686
3363	34828
12777	9307
8727	15669
11133	19002
31533	34047
10407	33196
13170	35863
31981	18292
17718	34632
12240	81
20273	25137
14724	19883
4234	12321
21969	39352
35174	272
5779	17386
5091	20384
20724	5572
6574	16602
34998	19917
17292	22553
21322	3911
30485	15113
14182	33421
7985	28621
4609	37451
2422	987
13948	31489
20064	1795
18141	5132
23536	30261
28874	306
32425	6752
21179	21429
30745	27883
28016	14247
8095	20750
19069	20149
36726	6367
25592	32665
8473	13578
19136	15488
10412	20866
31127	25318
536	15556
3441	20076
1614	1045
31651	25055
12393	39281
16624	12646
23606	20559
7926	8919
9762	39563
26327	7666
30882	2381
18464	10713
31966	39269
11825	15945
22074	24087
28077	11524
5482	1422
787	5242
9139	27872
31278	23145
18715	30166
19598	23613
2184	1921
27742	9261
32875	8379
20166	36496
18335	27951
1236	32153
13774	26292
5625	37149
7838	10122
3932	34872
18933	3991
19321	3432
12347	39043
22736	5620
3400	26794
7277	23315
9459	17387
13161	39374
8540	8026
35950	5609
35580	15170
25383	26201
7901	7596
10432	16240
4974	31054
38520	31450
11866	11689
11521	17723
39411	27447
4157	14180
10738	12504
20280	26060
4617	1461
27493	24314
12595	2619
7889	25356
7475	31339
3934	37929
12495	10984
21276	5445
36804	9573
26352	37317
29794	26027
18219	18150
2635	338
2920	36520
36713	38165
20046	26464
24179	39601
22446	29677
24146	34519
29728	24614
2218	30645
1609	27841
1668	39271
13222	5635
4054	30982
13458	8724
28409	39396
1309	34657
28451	14100
24550	21558
11002	37404
25097	9285
25138	23764
805	5503
17704	34066
27227	19414
8490	15551
8990	17860
38492	18112
14911	4986
12481	9051
32423	25711
30929	39336
1112	1499
11131	29955
18870	22564
36664	5266
36324	4367
5538	11928
13241	4778
32471	2041
30111	11412
32507	4016
30585	15178
8716	9026
20002	13872
22940	34014
38851	7555
17360	9087
3510	17932
18988	15295
15459	22869
6067	9927
32166	33201
7559	11291
31668	10081
35834	18097
4053	15146
11345	35852
12972	30991
23681	8623
14985	24850
11751	11210
22055	88
10410	13941
14200	39350
23840	11527
8180	11185
9424	30761
12589	27916
30971	35009
38306	15997
35250	14721
8922	27658
9636	26675
28490	10148
13261	35176
21588	36124
1098	22678
1514	30084
4470	20077
4727	31877
36009	35340
32547	17975
2925	10138
29884	9618
5722	13667
38587	24562
28255	15167
37131	479
37784	3786
11106	27347
29099	7272
7899	22861
29186	32329
20079	31812
5792	36468
15507	38788
4697	6999
15211	29368
6476	9491
39290	1622
30287	33390
35396	11630
22900	27185
30062	30068
23608	14213
2713	18762
38781	13242
6995	8511
22057	22934
34229	747
14589	3519
3145	11242
24540	13338
29870	20005
22246	12398
5608	13232
19026	36414
33836	18868
3314	37759
5299	24935
23839	3007
6479	14184
21422	17231
16328	33782
29210	24798
32895	5799
12455	16015
36662	24270
23443	20233
33631	16808
38330	1361
27558	801
889	11223
14038	5412
8880	32715
26233	11086
14037	6923
8703	26876
18709	4374
8897	22960
32617	17669
38268	35706
1307	23637
19640	30718
7004	29040
6541	11301
17668	15273
9587	18420
3532	19619
5126	36674
33889	4547
4752	16433
27634	8362
38338	19132
2232	38471
1758	16485
20976	36922
35775	6956
32374	433
15252	20306
14905	23714
19422	22505
36245	16594
19187	36304
24456	2300
1969	4443
30357	23532
20973	33049
33299	3335
25779	14895
21097	10057
29428	19049
27312	11351
22868	13492
7836	32890
33753	9994
974	12849
33233	32134
14915	26162
24393	29130
33134	14607
12672	10979
9076	39169
9886	1183
30790	4440
11334	15776
37876	37501
3047	10824
37302	19604
26011	29306
18699	5800
18281	200
34739	37895
4677	25166
31341	38879
15215	19471
30558	24881
32051	37614
35841	9959
4318	34258
32396	10720
33957	15340
29865	15286
31632	36919
27127	32363
7873	144
11446	4216
26078	16482
23824	24374
26933	39202
39418	13451
8597	25432
5389	23483
25180	35591
22037	33018
30642	19466
8416	33570
7892	5738
33155	14818
7105	39646
11010	25861
10044	7498
4832	12634
4206	11979
19205	32481
32259	21713
4019	12103
15434	22475
32828	17087
19474	17983
15740	20261
6960	8441
7162	10953
21955	37464
24886	453
36286	2058
14227	4118
3612	20963
36008	30397
34705	4666
14722	32958
29222	15316
13588	32383
6662	9591
28528	5826
26503	14653
9331	38563
4130	4140
384	29266
36498	18484
14489	2319
16066	31358
4115	25074
19383	16929
7568	10726
6295	19155
30799	33312
4306	23271
12885	8413
1193	24786
5928	4951
14166	9031
24021	1478
18407	25291
37881	201
23629	16202
4804	5045
29595	4480
37799	32645
29766	27412
263	6591
20275	25816
21182	33997
31157	13528
9293	1412
16170	17789
37626	23365
24830	7526
37811	10654
29208	24699
25208	12207
28404	15071
5094	33048
21616	19876
31401	985
32612	5392
2180	9193
25090	8349
29565	17883
2819	5198
13365	12500
14860	26914
34284	34213
28755	4022
11308	15482
32061	18656
3239	9923
39127	10113
16842	6127
29371	35143
16965	5361
33917	34202
31871	27255
2659	23790
3307	37687
34226	25431
21264	21434
7650	34709
33166	22768
27472	37679
38310	1914
12575	39164
24653	14262
2680	13958
6825	7165
36860	37326
23557	8938
7010	5587
26514	16958
37591	38376
17395	27465
34978	17547
16074	7234
25890	8978
28107	15303
26842	27417
35227	31828
36950	27084
36471	14089
13231	35468
15022	31508
353	35043
2722	16732
13553	8150
21100	16886
9814	458
5712	1399
7421	7018
24185	36598
36722	4436
4258	16381
1031	32526
900	1036
24303	29704
10264	12278
3727	18931
15047	36391
32787	18288
2782	12218
37037	2215
14211	13639
3593	24799
24251	13158
34753	13600
14487	30471
34357	33129
31566	9822
29112	29239
32081	36073
11267	21810
6474	33114
16003	28664
39488	4884
15904	14562
7132	2078
38260	32911
33862	29903
23727	31139
10422	11712
32057	32062
31236	23045
22941	32900
4351	36040
34418	26166
8993	33019
28933	25174
8400	37868
15471	2115
21636	23573
24344	5336
18071	32745
3423	23250
25699	20322
36747	34929
16340	13350
35260	1372
36871	25484
30106	31590
8857	14881
4643	34432
32356	1272
9621	32624
7072	22933
4096	9187
10504	38715
27450	6806
27069	642
617	28898
19413	38495
25409	34348
21977	19473
7790	25727
27983	25765
17439	32056
18921	28531
26737	3079
2640	13287
18872	28398
33496	691
3610	36140
23244	21771
5880	9248
25179	38290
13240	17241
24836	26927
20520	35728
7841	22548
17488	5074
14694	16209
23556	20806
24890	30907
28570	17114
26097	31357
36265	32903
28302	28159
37422	23152
35228	16376
10999	34265
7334	9757
36715	15674
36398	37257
35330	14455
28744	12190
18144	33946
5916	33431
29516	24974
13625	14636
17460	38682
21890	3944
9987	11153
13166	20897
10681	1568
3711	18007
24940	11341
32266	16625
5044	7451
9834	30370
31347	9738
24427	16639
36596	28305
31918	27576
23038	4726
36538	28257
18602	30617
25954	7729
16282	15580
31385	10968
12360	35033
19209	832
17682	15291
8547	34522
9661	8206
4504	36624
12177	9531
32871	36614
14134	36699
31241	23632
28696	27575
38685	24970
7391	35930
16367	28822
37232	33563
1676	24102
72	26300
6832	28926
3031	13273
23815	14346
14313	37260
10930	37678
28310	33369
8637	27479
10992	22191
32394	12901
9251	24209
13299	30311
1482	33119
5017	19168
5567	28701
22118	23706
30071	28062
4497	4867
2560	11764
11947	29292
13830	21743
3328	23501
31884	430
1789	5687
25362	18135
7059	5443
20132	32883
35081	25410
35991	16741
39432	37194
17138	26477
11484	35442
38296	30366
19224	31216
12703	7457
38346	16435
7262	38414
15618	37436
36964	20191
2676	25121
36704	23131
20093	12883
25495	37824
35891	18226
26900	35724
26234	3359
2025	16626
39285	26342
21399	33399
13675	23313
14331	30053
1505	15555
39190	11715
9740	23274
268	17635
34843	10934
13384	26005
3822	15258
38825	33127
19752	10684
26226	12988
31222	2418
22433	629
30986	15104
10768	22343
18654	36326
30995	7280
21847	29846
343	5489
21642	37454
25321	1340
24406	20287
15663	24714
3148	27150
12716	6044
27239	994
1845	27308
21183	27921
27876	23411
37460	7540
24602	18305
10198	7290
15987	15341
9992	5146
36400	17331
4283	29078
5816	23000
15946	24110
4298	6011
25882	146
15713	17034
4526	30848
16286	2392
17786	3843
4484	32014
9067	7595
13209	3077
25435	38474
10965	14946
6396	4014
33555	26994
33374	16103
18652	682
11841	1443
17426	33313
28895	34985
20856	14296
12438	23189
27261	10834
33333	1079
1933	29059
36325	22504
4766	33651
10392	14573
6502	34422
35423	17489
22854	16672
9779	18963
27988	12774
5200	24018
21049	24243
23148	37487
7175	8964
1483	9973
4467	22723
34070	8628
36244	35398
25096	25671
8824	8674
38595	4531
13159	27543
12328	26287
32626	12899
16389	31133
28251	24213
4145	7738
28721	7512
18050	26836
34793	23873
11854	37366
17599	33146
35053	19462
29562	37397
5381	10962
4281	28859
5169	38557
5823	30717
8159	15425
8424	32817
14919	29642
7847	28225
28576	26343
21089	36793
10238	22804
27208	12266
7956	29176
2371	11523
34093	14546
35636	33700
37474	14071
14523	35656
29924	13807
38372	8135
2511	35877
2879	18710
38418	16148
7822	35351
32475	18530
6952	34970
5746	35222
9946	16975
14464	9723
34268	17413
39236	2898
16010	22254
18863	13703
19627	15131
27318	38561
20839	27689
7621	20779
24989	12611
5797	39393
16867	36013
23711	22440
39009	30603
18382	11574
9674	16305
8405	4640
3394	35479
20114	8937
19203	11810
8750	31228
11881	22580
838	1634
13393	34572
17843	32611
34341	27439
17536	16504
7217	15739
8420	14561
15570	20940
35525	23769
23744	33308
31173	4615
22154	8971
9147	27191
16256	19934
3327	37206
33141	12294
20616	31703
24211	16009
25535	4734
