18463	5291
6665	19287
35804	18068
1962	9933
3892	16873
9674	14959
21293	18343
12976	15804
37531	24482
3454	14479
6362	20975
10633	11553
20926	999
24666	29015
29319	13443
14210	16379
28038	34715
349	21462
30763	24089
1817	11578
23276	8039
11262	8924
35833	32069
39569	14799
29984	23105
32682	27442
15055	35784
26043	19207
34078	39206
9017	33167
23624	38743
12658	8919
27571	15116
23320	15727
8244	10143
25136	1306
11087	36477
3872	36036
3796	34854
36022	24701
11531	12056
25421	6663
33714	17680
37698	1513
6720	21206
31182	7226
27230	6157
35583	35077
35092	2938
5565	23262
19357	16298
8012	39470
21415	15480
28641	3594
19172	14950
3181	6738
697	20957
9039	19995
22076	38469
2652	15917
9367	6349
27880	24144
24974	25404
13336	31675
11559	20938
9128	10620
28978	14392
22230	30462
37177	33037
16023	27486
37343	9399
16304	33900
21544	35634
22020	3876
27916	2580
7685	20919
16567	33899
12088	27332
31330	30835
95	14160
20927	18002
21979	24163
20469	35427
25448	32290
21702	35619
19824	37418
25198	14453
38943	7939
34984	36285
25074	11733
7797	27133
15612	24544
22116	8093
8243	10142
1773	9207
16664	12538
15175	30637
37003	24891
10707	11700
15212	36471
28526	36350
3294	34712
18713	38936
12613	9545
22580	3222
31406	1890
29880	1229
11510	36485
10078	30037
18875	17758
22714	11063
38689	5117
36658	12514
15447	862
30759	38843
22660	11457
33812	7929
6482	15958
24904	6947
39250	29320
17184	17949
2416	16075
38467	34860
7307	16727
2705	19550
31503	5309
37297	10687
36718	13330
32489	30852
1003	34035
5116	23745
25922	12100
5075	22839
20113	6641
31634	2450
34498	24414
38577	34622
24456	23012
6140	33331
2745	7764
3344	25852
32746	3855
17615	17057
19362	3798
12698	29672
10086	27621
2563	2373
14015	39203
18091	4298
6699	21803
19402	147
7358	10101
15136	9773
2370	26551
3389	30408
21150	35967
22456	11660
346	15520
15463	17312
13597	5862
25582	17673
5207	14983
28690	14400
9330	36559
23354	29367
11982	6424
22674	7505
23974	28862
30104	12204
3137	24019
8759	36746
38561	4751
22568	34220
19247	3844
21057	16652
32774	34648
18123	24749
26915	34451
35717	26037
18535	10201
18487	10733
35923	23193
6578	30783
15173	38200
2121	18687
30243	25474
4630	15624
10524	31175
10097	36836
19218	17797
26819	10746
28642	28546
14850	2289
13447	35895
33829	20890
284	38051
38701	35832
2273	12317
21820	875
21129	2067
34575	38035
38287	18841
13343	36656
24943	21853
18481	34504
22852	12211
5696	9867
14276	2243
23995	18286
12916	6925
4330	29113
6847	14531
14700	8185
2303	33478
26637	5800
3019	14006
38466	27701
32939	36059
24869	18946
22657	891
39023	37404
4961	36213
21367	27717
20202	29481
27233	35758
29631	21024
11108	29413
12603	1425
9205	9232
12353	20860
17532	6987
32050	12742
3445	25708
32412	9893
34427	25553
14265	22409
35502	13609
15541	3485
39224	36372
10715	34811
23235	14012
24610	5306
5212	35149
20028	17836
1960	34421
33283	39295
11750	18412
32390	11764
25057	37528
6273	6486
21723	34023
39348	960
7723	23210
21252	34403
29463	31626
34474	32768
12691	39201
36346	18902
10253	17189
26426	37040
22271	12746
29160	13118
16494	19125
13713	15969
31941	2324
33537	27742
25993	17608
19292	36217
37744	2620
28058	22865
11738	31100
22640	13002
9334	32765
37134	37709
15477	19261
10114	19828
31043	27178
25416	7105
32117	3669
22749	5741
24391	30601
3420	16743
7543	6993
38258	38366
36366	21679
24327	33425
23441	18822
15380	17246
13067	14467
32927	28611
36436	20056
8797	20378
30160	24879
23054	30677
28936	23303
27883	2461
14342	28471
38193	21984
19303	3292
19075	5674
28290	6604
13424	25761
34148	24584
7446	12859
28533	19778
15701	35754
25664	15360
19438	29794
2697	21842
33398	174
16184	31381
1756	32347
14177	31511
2640	17385
30750	20236
27060	32087
33373	2069
16330	1805
34388	5077
1931	11002
22149	22314
34683	32645
22989	31748
5437	32569
23268	23087
25576	8985
21741	29454
1383	27751
19007	18866
1850	24448
25119	21043
13158	3015
19530	38816
19330	20671
7662	19295
15754	26523
16389	39275
37103	19074
1151	33272
5690	31561
27027	1180
11025	29855
4189	19008
34160	34721
20876	18415
17430	1853
5039	16145
360	25780
14834	37154
38002	2783
10917	33232
13594	5700
36369	22099
35818	22976
24357	19523
6450	36351
10835	14408
12795	29496
7287	28746
20012	24697
15623	21477
3207	38045
11150	24091
29469	18732
35444	9551
39410	38790
4517	17034
34059	28410
36966	2498
18657	4342
30692	5921
1050	32919
31351	3864
17558	23574
34958	253
21678	31954
31451	5581
15383	5952
11367	20885
28291	10601
26278	17969
32532	8265
13798	4041
34580	10804
26720	19412
31901	20162
33850	18525
9679	24395
39286	5129
32749	18865
10449	24604
29658	23506
6572	10203
13892	13412
17370	36803
4187	23405
8516	18031
11852	6437
3335	23952
26910	20284
8663	13030
12280	5730
38927	15201
31060	21905
37490	7795
38394	13250
19844	32249
18159	9839
19394	37388
21921	27288
32208	13941
16140	20867
32883	31294
37284	30522
5697	24537
31967	37442
6521	38350
18364	17985
6014	28750
24732	4622
28497	2849
439	23586
26377	35887
14241	17917
24331	31605
12926	3645
21646	14808
32145	29433
24590	38441
8965	2568
18026	30269
31735	15547
22386	16773
13024	34718
9785	3203
15276	25484
14685	29289
35578	31871
13763	18964
37140	12682
15992	8833
24519	19225
32278	39129
22503	38866
13335	25778
735	4764
15739	28811
12741	19149
984	28294
23324	389
21832	36533
30577	17552
5589	19214
8416	21742
11452	3120
28827	7244
34586	30338
29677	34094
34554	7488
26240	26429
35498	25192
9106	36144
27796	24807
6004	165
25536	32714
1774	2880
903	7717
9552	15291
36027	27522
38148	32496
35156	36583
25113	10882
21693	12422
15869	1758
14550	7464
15113	12907
32195	18173
6810	24230
26228	11825
14943	15722
36459	12341
21846	21089
23390	26116
35547	23539
1189	19557
12582	27871
20542	19948
39591	35458
17382	12302
10175	25832
1604	1086
26111	6967
10479	11230
7243	24335
12186	27327
15583	37745
2766	31348
20883	13299
5399	18805
3199	7653
22229	14000
15429	21749
16058	4680
29204	31471
13611	5611
23306	7356
29432	8317
18556	5737
492	12508
17453	20391
27596	28841
13734	21434
31430	20576
17591	26010
18155	30986
34552	2544
38165	24150
18133	3151
18658	3086
4997	10964
35873	36835
20022	36356
37281	17771
6147	17227
2910	26604
1637	719
23369	28432
25638	39161
24257	26373
16585	1719
38223	34810
30687	27099
9474	26117
12222	4996
2575	4481
24573	23066
19808	35344
2122	34455
33091	27997
13642	4098
25272	915
19700	2474
14207	31706
8656	25023
6770	38799
23921	3701
27929	31866
24794	28059
36737	35681
36141	39158
20586	30083
3623	30248
39237	13274
19441	7549
19492	17652
33165	22606
38972	30732
25033	36543
3733	8575
5115	14224
16122	4574
5665	416
3010	22030
5289	23228
6516	23290
7828	19781
23502	30521
38934	20840
3386	37600
809	27922
3584	17583
15114	26337
35421	30235
36325	8373
31427	11951
8041	14549
15661	23622
27408	18959
6112	7085
17989	29768
24889	25100
11716	35688
29837	24348
39262	31026
26362	33483
1102	6384
29457	11904
20500	29245
27311	14576
35041	21750
19528	29403
3805	17095
27515	14872
18402	383
1762	37403
31699	37642
12272	28532
20	12715
11608	25203
37677	28047
7027	25101
6086	2927
30447	20899
2809	35780
26062	2023
28830	23797
9208	7393
2686	28591
495	18231
2907	37199
11566	29164
30897	1656
15082	17587
24074	32018
5145	30138
16372	38332
24935	19348
5980	6796
3971	37523
14443	8634
39160	23382
16344	9889
36999	21747
24597	2259
13920	21997
37684	33603
33419	19873
24132	1333
23555	1561
32467	25957
20752	31108
28212	9419
29042	29118
25799	14792
3113	11956
10752	6992
31627	1482
10124	32771
33855	39012
34252	35406
22966	8110
36752	13218
29977	30683
8398	23784
36062	37616
27112	11318
14137	3825
14138	6833
1535	38392
3694	38024
21579	39465
38075	36146
16331	4178
24524	38867
29858	39071
18744	16716
19269	20016
2040	35390
18181	32530
703	25178
22818	22519
6568	19741
22117	37644
29511	37659
32282	11803
4092	35983
22217	38621
36896	6123
16641	32846
31679	24457
31799	2236
31756	24747
27552	29324
32506	9609
15292	19863
17846	9401
31120	32564
25201	12091
4076	13270
3068	12386
20248	25387
3937	30726
1379	35835
10876	15246
14027	33439
23367	152
25581	29198
5954	15000
11442	37567
17672	2746
4933	32468
14681	38963
22193	11784
22100	7820
12708	21784
15551	22619
8273	17777
11433	10296
1339	21003
35062	18538
20704	13421
16178	22521
13581	30854
10959	32418
26632	2162
10273	29193
25709	20999
33250	9777
35788	6761
37566	18719
3575	17730
9476	20514
20201	30526
31482	24231
6870	31441
26108	33824
22153	15810
12632	5146
1905	34404
8278	26533
25245	35274
25431	10742
35729	24351
38132	18784
23538	35808
1199	9963
24229	2882
33107	8457
30715	37758
31089	17171
30639	33622
24706	17415
13104	26957
2288	32440
2029	20533
28134	26723
4274	30079
14495	22996
29258	12282
35537	4033
28922	3201
4883	6824
32935	28031
27784	20443
33819	4738
24893	21592
31897	3569
18243	11098
29016	4374
5966	29791
759	10525
9195	9751
30179	20904
17644	39067
8640	34416
35880	7196
9565	32653
18996	1337
5394	5656
13758	11358
24367	36669
21370	1612
7344	39475
34415	9281
37506	4805
24678	5783
33559	1738
19640	890
32491	14906
11261	7796
28665	24957
24476	20608
15008	687
20523	25491
17571	14034
19867	33053
26226	16553
36211	13648
14657	16931
29287	26127
25345	20057
2714	34202
2512	21860
1573	3048
23056	38081
29318	17195
21623	28923
18143	20527
23358	35109
18063	17266
2113	37504
15975	8315
27627	31372
21066	11139
7880	31368
20243	23150
17573	21668
18215	30185
37679	18001
11950	13603
28513	35470
38828	16218
2562	21192
9737	23613
26151	9856
24683	3854
35335	24370
31048	15367
28885	5009
15474	39335
22494	29999
2979	34259
35396	7940
38762	14410
16093	25476
10581	3829
13386	2852
19118	22159
47	2325
11383	7603
19870	13991
29331	1034
518	39381
7991	19475
30086	6557
3260	8311
33423	37934
10975	33157
31143	5780
20564	2638
5639	26067
9782	13786
6035	8981
2171	39223
18858	28081
25494	1196
744	36876
30833	78
33906	11441
29981	8957
28795	24725
11974	33040
17300	1598
21762	23776
10570	27170
35137	31682
3418	5603
25478	34596
38524	13619
2526	30449
4363	582
22185	6742
7882	27579
22853	35879
10626	1846
32839	10527
25931	16456
8937	8810
13416	29032
2261	11246
38160	17696
2208	21829
31553	19858
15453	23422
25248	3011
24267	11401
9032	21998
22219	2999
34005	36757
8967	35434
32004	35480
3881	37580
10712	16881
2850	38618
14273	9099
15060	18466
24638	830
27031	15287
28168	35693
37635	20906
31366	35968
33455	6741
23803	10015
14332	24444
28285	33665
9071	18379
8595	21387
22378	14185
30106	22202
37378	6589
5915	24822
19992	25388
10635	19670
38270	10283
27184	37821
11345	18478
7450	6585
30824	10202
21261	18571
20423	9999
31336	22243
19774	29294
25703	4648
23576	21939
21556	27171
24631	39018
1796	13992
35201	1307
28440	17324
3901	4600
6990	21428
31902	6526
21199	5089
20491	13291
5504	35743
35265	22090
4703	33631
28468	19049
1565	35123
30010	1412
28748	19213
36502	3628
29093	39102
3393	34187
32750	12127
3034	34320
4044	9098
6525	10629
26497	21854
12015	15812
30314	16411
30111	38553
15760	9602
1256	1094
8643	117
19210	32874
38032	35755
33690	21094
17277	18225
14283	6088
20749	1802
14650	30427
26971	6280
16649	23253
14329	31009
7324	8724
13800	31271
38225	35721
20555	834
35587	33298
34300	13984
29270	1466
26918	10058
25270	14868
17904	27480
30194	23947
25849	22891
34756	33304
31737	825
25676	9878
38744	28052
398	30478
1129	16579
1067	30770
19685	34022
871	32230
13108	31240
8062	31961
33156	26400
407	5474
2757	35332
13131	37118
24260	20755
33465	33042
37413	34825
14120	33019
8072	11817
36672	23397
32937	28438
3444	3814
880	13557
13640	5776
3212	25060
35867	33636
33767	9132
30691	22358
1696	7726
37410	14809
32269	5801
4885	26606
35492	10372
29351	37355
38037	8790
8947	37167
94	32368
35023	13219
9236	37862
15176	33417
3424	9882
30360	23618
420	7447
17813	1219
34643	14920
13173	6692
26386	5110
10	10506
22557	37208
18377	29125
5033	10338
11325	644
37798	37258
22263	7427
30810	25262
6972	6595
5561	15941
16394	22251
33993	33884
4825	2394
16016	19065
2622	28802
28774	37411
31373	20644
25367	13096
15532	10328
34177	26274
6634	37775
3859	35965
38600	7013
23217	14156
28683	28660
37100	35116
32074	12123
15471	27181
18201	26339
27584	28829
4335	19854
5024	11530
8007	16685
3455	19136
2765	13139
8816	12494
4144	37650
28697	23729
13323	9336
9989	1824
23592	33958
12387	22355
20534	3358
17785	12970
39005	9818
25436	15431
15592	36832
19703	13204
14159	6276
6921	17784
14010	30844
4816	34352
5071	23918
30303	18078
354	33852
28988	14874
8900	5825
4587	14765
17913	18253
17506	31667
29423	31599
33703	31349
2641	6285
35181	7377
29971	6266
29086	29466
8071	37158
22079	9740
28856	15153
15613	18019
4796	28974
9224	7947
31164	7508
39205	28505
4152	32313
18325	26554
5633	35848
37141	19379
1580	35655
16653	37367
18772	35011
18508	36050
21072	4332
7869	19370
9242	24834
35664	28798
5698	29095
32589	5864
37123	26405
4317	30312
1089	11047
28844	4560
22417	27040
19044	28384
5927	39052
1996	32616
16989	29884
15881	23671
3894	20343
4150	23281
21299	4836
34313	18322
24342	19664
24228	7853
23163	629
31991	38149
18513	9804
3779	21490
22085	10259
24672	16270
10379	3480
21961	4993
4453	16607
4445	16793
20122	32813
20569	8018
21680	39340
30667	32559
16292	23852
15820	13756
16852	8090
15574	17856
1438	29598
31032	30335
11668	1295
6205	5525
17898	14406
29260	12534
28622	34848
22676	9967
10582	19323
17742	32779
9409	10295
29459	23677
23161	24250
31080	12004
25926	4440
4191	5073
28131	4804
1852	29789
38499	14221
12517	430
13781	15633
19849	22095
13632	29363
28266	25774
11287	23876
32857	7704
24032	3580
26839	11587
31173	7911
6886	17422
20684	18347
17548	17216
8306	27980
16523	19031
19164	34119
20361	5143
35915	946
35280	13506
14855	20821
25800	27638
39312	17764
714	15555
17169	21604
23431	6910
36508	31289
10109	11394
29887	32828
21914	33821
33832	36637
38310	1674
13939	18131
30712	16044
21761	18216
14606	23920
340	15050
9837	23142
14462	31176
36751	6835
12718	98
23599	2949
39537	30304
2517	12106
4381	21941
14426	17757
30767	26450
34365	3747
35326	32817
18807	36519
23205	13012
6829	35766
8609	23516
35679	2099
12432	5383
17901	2293
16573	14472
701	15886
22808	25640
25398	6375
33349	4806
12938	7637
37782	15275
24964	28418
25433	10360
1046	636
12039	32737
3907	5636
12181	18000
8877	23005
26737	16060
38427	20616
27426	15097
29138	21442
20775	32836
29071	4756
19437	4456
20100	12096
25326	2385
5505	15835
11138	17978
18170	19200
30485	2223
5462	9011
18682	17046
16014	6247
23423	35365
20857	15616
33750	6820
19258	34974
31480	11910
15850	2916
36003	13538
14497	29443
25067	24501
5324	32172
2912	12782
25311	21310
2477	5099
29435	18828
25856	22930
15811	15688
33057	23376
28419	12384
1043	11177
17467	3211
26609	5620
11959	4552
28239	25234
30574	9349
16423	22321
7767	6620
31653	22554
4095	34695
16686	16710
6106	16960
19476	29020
9274	28276
28130	38322
2013	32561
3043	3926
27622	27746
5520	37445
6593	16651
17187	18100
19830	22544
23781	9292
20909	30345
11696	26200
18226	717
15817	21208
5141	15909
36788	16326
24307	657
34395	31399
27324	3675
20153	10900
3397	12680
28485	26818
33803	21837
2784	38966
6574	39499
6397	27534
7992	1077
2781	7866
32995	38242
12449	10290
30275	21856
37037	28740
23211	30801
25225	13033
28840	22028
24924	17737
19076	9968
5016	39084
32784	12293
7699	3106
18932	25964
21772	36149
37313	4202
2310	4319
28910	21976
26081	29407
9046	29163
5447	29434
1791	32160
16639	20662
15657	22601
10375	25454
26101	4003
13575	2819
12901	5419
23310	11049
27159	37292
19165	37294
10789	12693
392	33497
30362	5818
14140	16116
24759	3111
7015	11830
31487	32437
3087	24171
17972	12779
8296	30642
6664	26987
2108	22452
17850	34298
31505	33286
28250	38239
38300	16160
1761	20001
26007	27429
17720	15524
2556	37408
31524	3544
39215	12951
35407	2947
18780	11712
22394	26526
24581	28595
20949	28633
16912	31012
16226	8740
22748	29673
27547	21994
1052	7624
18120	20948
16087	13973
4134	15708
2332	12063
6691	10881
7836	37630
31488	24050
19626	28726
30602	18147
10471	39274
6242	8325
34051	16065
13460	37334
7783	37211
17066	10451
31081	22755
29332	4705
35374	38282
33980	3946
18469	28672
23600	29205
4226	9582
21744	36032
28555	4845
12955	25636
36965	18766
13656	36515
26659	4234
36760	34438
6534	19798
8312	7169
20294	21427
24940	26268
29637	29759
28970	30272
30012	25876
36950	11207
36158	24741
7277	33969
21552	25508
7588	17150
8456	5132
29706	10483
22259	13761
29440	17991
39159	22633
34765	10208
33772	26281
38829	32594
30467	6610
20836	33504
15834	23429
21850	10793
983	21787
27564	22628
15868	20753
33020	2056
18426	12477
31728	33687
15720	4079
38512	20658
784	25557
8711	1722
8859	8666
33997	7812
11589	1138
7172	10300
16822	37633
19316	4299
28099	9694
37192	30181
11534	13089
21776	32339
20566	10100
14987	7415
36067	20872
20884	1523
5865	19156
5323	5821
22952	12600
22040	3213
37582	12482
33964	5910
12766	6146
1331	23545
19928	20274
21153	29720
34970	16449
32320	23356
37553	13482
25741	6964
1148	26875
34073	35383
20570	24276
15171	36265
37342	28517
28474	16146
35417	8443
32529	36801
26978	516
31400	6321
23100	24030
16369	35078
29281	15294
28710	5735
20268	26483
4183	1015
7268	34071
10594	5164
9628	30306
3435	13773
35654	7458
8210	29583
33360	7436
23833	7621
27964	5768
28864	1807
19764	7720
21899	38387
29296	2578
29914	14196
37120	31105
14172	7632
33151	3497
30187	8146
11387	30402
25611	20916
36895	4116
27904	17284
2731	33084
3172	10901
21171	28891
18767	5743
3732	22591
18586	760
14530	509
1381	34858
27720	30653
33014	14710
13334	4132
19913	31370
25381	7864
1939	14990
2744	13913
29620	11013
19306	1593
9415	16967
27297	16991
33220	20621
31194	26596
19622	39585
17801	36850
24049	38077
31661	3241
25543	8368
5080	30078
23987	29798
29739	36590
17028	25268
34077	29297
4124	4930
18112	15473
887	12527
15512	12137
29790	3416
1692	29875
24515	17892
32181	6454
16863	6677
34241	21238
13141	1769
4515	6951
27246	1081
21191	3596
35333	35827
37157	17393
33251	21632
5037	34752
29176	22031
33290	162
33148	37071
13680	115
8334	37587
4956	13407
38739	36339
25872	5713
16578	18302
19997	20222
14240	2932
35982	3633
15709	12284
24736	26504
29940	17526
28733	5878
33005	37206
19457	26006
25422	1031
28516	18904
26415	33494
8571	29926
27193	14575
37617	34127
7673	26783
4747	19771
11311	7817
24656	2215
11492	21418
38883	1078
18038	37712
4403	36414
28308	21102
19067	24105
8268	8066
13558	19713
12298	8479
24686	2748
35453	11686
11858	24346
4914	18878
38771	30029
24452	37777
23391	38615
32696	31982
2948	11199
19893	27008
18921	21532
26086	39557
6203	1662
20219	16147
33254	26867
8474	16882
27958	21534
12525	10723
8186	29339
33633	29684
4926	9024
11979	10091
20603	22644
18356	36901
4823	31001
30731	38450
22121	26297
16565	10855
15053	25848
34017	12781
33881	39521
28572	25971
9535	4193
30178	13410
34128	12699
3234	32059
16348	39006
21337	15014
28273	12345
30318	6511
12147	30313
31425	20733
36193	14601
5484	17022
19123	9062
11166	35005
19030	38921
30581	32694
26046	31910
16463	15309
1191	25257
3983	24905
39321	17334
27375	19549
36805	18013
12991	24082
24593	245
14693	13636
19647	3279
20331	19001
21063	6456
14442	31801
16258	16500
25902	16100
20314	15150
23778	32419
16591	5385
36514	5282
4776	17068
9990	29741
27154	13378
9444	11378
15106	26135
1320	22253
18676	25940
31948	10867
8780	34539
3925	28351
1436	34609
25945	23770
33364	26100
37318	32668
24750	16561
27955	20931
12641	23313
9951	9644
232	12320
33198	8928
21284	3711
29452	12959
17	33619
7916	24400
36487	34502
1366	26861
25603	10173
22274	38216
36625	3501
22269	23006
8935	24837
22190	8048
3820	8912
20911	9563
17332	5155
20157	15753
5969	1397
23179	27253
21657	29754
8688	27895
564	36150
14262	36061
18618	16308
21597	7865
11333	2432
19211	18547
7250	5723
22824	7385
31094	21054
26932	37809
28996	31102
16776	26159
33038	12205
27191	11289
4822	1241
39528	7417
11697	6143
31392	36548
10984	20772
10708	13701
31153	8829
27242	4957
25834	14614
26857	32652
23823	36877
24592	16323
30065	14350
12882	38503
33113	5414
9709	22638
23750	19145
13990	29517
29543	8245
396	34734
19331	6581
13556	31832
536	2564
25317	11133
16488	37817
23273	32171
17553	11537
14300	30555
14859	27968
31334	9263
8417	2725
4760	8551
9255	20538
32044	10501
14307	4011
26114	33475
18872	18829
14969	18140
25148	18850
26133	2812
27229	28157
31491	22810
6161	17497
30443	34652
11042	28298
36547	17204
10938	17428
31887	27444
7924	32711
38335	25292
6565	33002
24496	25373
3943	23746
34532	13551
35375	15143
36932	26462
14955	36796
29649	15923
2963	9076
14633	6541
7424	32086
39229	33403
35742	15483
141	2070
13851	18500
34867	2603
37371	17531
10786	15840
31344	2272
6049	18200
33263	20760
24058	8385
19198	39539
34376	24948
20395	36262
25958	35777
31295	32854
14134	37713
29998	22128
18354	10277
23401	2358
34595	32732
11543	30433
36091	26214
8727	11293
25424	25840
8918	27956
917	35209
18152	21216
18651	27428
17698	7695
32247	26137
23630	2287
21645	1658
21606	38163
24611	29761
13665	13525
18514	16879
31772	32757
34019	18799
9567	3345
7355	16571
31421	32599
16950	22962
37629	21005
38546	5448
24806	16439
11706	23994
8773	31167
19966	17439
21207	8404
25106	11781
38591	11641
22738	130
20559	31834
7322	34034
30976	22344
32670	15211
15130	26710
38370	22814
31972	22579
23270	8403
39354	26469
8837	38632
24377	27368
35541	19419
3391	19002
9485	20096
9403	32580
14086	1699
8196	694
24069	13718
8717	36454
12394	14469
24700	15802
10232	22857
16006	2376
28935	17210
16808	14024
24620	18030
7966	21731
22433	37054
20882	3236
35904	30024
28982	35617
5389	12915
19684	16474
26344	15024
34394	28154
10186	23815
2695	29035
33301	37033
29285	27458
17805	16136
8960	18537
34431	13383
4768	39404
7023	20037
23392	12412
32699	3507
23180	23385
787	20939
39189	21636
4580	5461
16460	13305
28238	15234
5637	25303
678	9080
22375	13191
20678	36200
14093	10783
32795	7338
6365	2107
38848	7826
23102	17718
25333	25037
14349	32179
12930	27359
27024	5268
22138	34875
6697	25116
37256	14235
26292	7406
4242	38612
17396	8181
12758	2286
6062	21889
33602	38903
30716	3916
38579	28395
30644	31731
10370	5401
36462	13643
35437	15905
12839	7334
16002	38046
23577	17278
34366	8902
37583	30276
11809	21916
36761	6258
4270	27756
8580	18675
22533	8785
32085	30853
4818	14571
20521	9230
25804	19574
25084	6685
21799	5991
24968	28197
4975	16229
36221	3326
23307	38496
9033	26210
2490	37885
3092	2606
35627	25700
17269	29497
38626	31696
31417	2793
34964	1784
22395	20150
36789	8639
19073	10268
30164	2203
4743	20535
10353	25871
23347	32019
6444	32178
16008	27424
9655	5440
10388	19102
20026	5203
38530	20002
38187	38760
28340	10204
22101	6398
6072	13353
4264	10970
16951	4755
19743	9265
2500	20740
9086	22323
25745	18193
14110	31
38502	30165
34923	34692
28510	30748
673	39118
29725	33282
19804	1485
33117	8175
21382	39099
11178	11222
2425	33510
11766	10791
29596	26170
28589	21306
14745	26265
33424	2204
18930	29268
12509	22813
32693	20990
27104	2597
27923	33241
13661	9178
1809	8757
39151	29679
17934	23003
532	12936
3642	13212
32501	8847
28171	1945
21151	6739
30753	38164
35826	38490
9906	8223
26368	11209
12554	8769
3619	26831
25288	5488
13954	37873
37999	10739
23361	9199
19755	3023
6530	4169
19897	37306
21374	34785
16781	21971
36592	1399
11914	31460
19446	37226
12045	2923
34255	4308
27162	3463
7598	2785
6404	35988
29455	36806
27986	1324
11074	15266
19752	7819
21095	12230
29474	23636
8697	34318
27067	35918
11172	22140
13615	24418
11463	6659
297	30397
34511	39468
37854	32238
16424	29695
23700	11264
25293	26254
13631	2187
20300	10548
23863	17651
38340	20493
36316	6096
33462	21778
35768	36553
2888	24170
15220	16310
39028	26907
26495	31930
22234	32625
5345	6695
1551	8270
26862	39152
8835	29997
14152	7100
16391	27687
24989	34657
20413	34533
16890	5687
28839	27898
10847	28203
35132	10661
11870	38442
38518	2300
35008	3735
5616	35325
29037	7318
37932	33516
20277	26804
11793	1389
11849	14553
6166	12958
18730	39579
19077	7267
3964	10257
20604	19112
30839	15457
36028	34599
10199	19256
16402	34802
18958	2822
15871	30891
10227	859
35469	25003
12759	23140
29031	24095
35435	26396
19321	2249
38136	30843
620	26617
18826	9752
28182	32484
24788	13777
26677	35323
12213	34429
30438	38465
31000	7051
11051	6179
33095	4550
27472	14946
34988	17167
1619	6785
8662	17235
17559	12288
23031	32568
39456	20304
14824	30486
23552	36072
7489	6455
6253	22106
17380	19116
24657	34636
16544	11957
20463	36828
9260	17765
6318	9701
10293	32850
26246	21925
27158	5936
26860	30872
34744	4454
13155	35640
25380	8124
14248	34919
9227	9771
19773	22288
32072	26175
11617	23591
22912	8476
4707	36411
28693	38373
1481	21394
3910	21808
33775	10832
5011	3408
23722	34112
23810	24520
2530	12913
8211	18611
30510	30970
12753	35475
10241	3188
9509	33697
6931	21103
24129	4338
34743	23817
28132	21064
35233	38071
38899	26052
23560	14057
17296	38090
28430	26998
12689	21615
28211	33197
16748	36582
8949	4157
36113	17047
32084	15684
37565	26099
20567	32460
10044	8771
7130	6306
1927	24478
39042	29718
3173	36256
31486	38529
8570	8290
7350	38834
10722	1502
8096	34439
368	13129
4433	29065
28917	16997
36453	4905
689	15259
23342	6883
1873	4673
22424	28300
26272	4557
7876	10435
39485	39073
39045	38844
34254	21880
521	25822
995	2199
32567	25120
10335	30277
33897	35087
36060	39264
33071	29343
16756	163
30422	22421
24382	26543
23474	19769
27134	29738
20541	39270
23956	12977
543	21116
10071	33004
5539	6074
17419	6538
10432	6777
8565	5731
29387	11769
29674	79
31504	31939
6476	29334
15658	21886
33174	15858
16766	37732
6461	25072
12630	26742
28486	18782
1566	6865
9441	29111
17202	15072
29647	2960
2313	13125
21403	24993
23534	1870
26120	3163
29430	4329
1354	7199
173	13385
37991	28676
11571	27721
36878	1651
21754	34855
26788	4635
2600	25070
28191	16476
31319	33533
21362	10674
29928	24464
24567	9861
9845	1794
20723	7530
7195	11483
19045	18821
16803	21410
22546	15767
2105	31071
7144	22352
21329	29508
10266	29192
15338	31773
38103	31066
22495	29389
16354	6144
29758	4164
24684	29477
39405	15777
25814	30764
1533	6488
26041	458
1913	3807
31369	9942
994	20889
15713	3997
19337	12188
33941	5710
9253	6452
38662	30247
16371	4474
37346	26983
36683	14665
29573	15663
28265	28312
33369	6894
12330	28075
20859	3130
19789	24858
35820	5450
38412	24786
10652	5896
14502	35510
37109	22553
16911	15744
34346	15793
14519	14226
24361	23421
2758	4046
12314	36650
16070	8665
24467	30924
7357	32243
21865	27766
38316	23464
7606	6946
31485	16200
19987	4928
19610	16515
2292	23707
27300	15976
14494	1288
12352	4479
21872	12610
19894	16866
19748	2896
20273	8514
37057	9678
35148	32214
20663	11722
680	10813
13408	6081
29106	37750
37622	38880
15272	38772
14337	12445
9589	5238
26686	28515
9813	3221
32165	25601
4388	15960
39234	33096
6208	23614
2244	5486
27392	12287
17384	35342
32922	2085
25753	3306
5455	15870
36959	28652
29681	27711
17581	4892
31976	2750
5530	1001
10331	20631
12154	9693
22684	35105
29386	2322
16405	19263
25726	16190
32786	24883
10518	7949
18788	20556
35999	21575
30885	5079
14748	3145
35517	993
6097	27906
33541	34038
1346	28907
5356	25172
224	33986
38011	39121
11990	17776
32446	3022
10061	39055
20714	7560
8266	33412
8369	14026
26161	3171
21791	12552
8944	15696
33100	15090
6121	30583
28908	11656
26091	38074
5651	29642
8337	38025
18892	36985
15063	18082
24528	31509
25094	16020
34190	34837
19660	25558
28669	32840
17092	4533
32361	15873
7373	10729
18479	32280
14573	14768
12273	1597
19541	4143
28554	849
9324	8125
559	16856
32662	8441
10845	36673
16357	15418
13571	829
11728	34464
38900	3313
16869	18991
11954	28787
14686	26365
4791	14370
2859	6656
22577	9268
20553	9091
19911	17241
33749	2413
21231	8218
11489	25088
20855	21420
13029	16849
7056	1635
35452	2032
38376	29688
6196	8648
28694	1757
9386	34256
1562	10874
29322	26559
10346	28823
31885	10110
8051	27127
21373	26374
15632	14436
18177	34262
22150	32111
20573	729
35377	8645
670	7715
28651	9824
30505	8868
36680	39411
8064	20827
31745	14080
12268	10036
22651	30836
7802	29632
36705	15762
4356	17485
15256	15251
4346	684
1378	26444
9514	11703
32931	31879
23579	20292
20985	12149
23860	17841
39508	28394
34778	14802
24497	4489
24625	3579
7679	37308
14053	34406
23278	39130
28399	30987
25042	30787
21782	18408
25936	13831
4853	32254
34050	16057
3072	27011
8612	4991
5940	25584
28548	28769
44	6954
24829	12937
22094	39396
14668	33397
16799	24908
15594	34400
19890	576
29219	28146
28932	33722
31223	20726
25706	35779
33774	31840
15286	4942
25545	15268
31707	5958
29894	20615
17161	1903
19905	14425
22673	23201
8178	4461
14123	7007
26193	23572
1484	36011
22630	37743
5318	32217
4160	3342
22301	39422
3822	23328
28772	14707
20878	6265
35674	17418
31714	31260
12399	17908
705	22326
20029	1042
12711	27530
3456	16913
869	30289
11514	8748
819	14947
25080	33668
10792	7691
25155	34907
5088	14618
10802	17270
33230	23650
1120	18199
29023	34367
28790	33341
39007	12576
13792	21193
4906	12220
4966	22057
28794	28637
2878	35979
9455	27618
10247	22756
21443	37174
18961	12654
8776	1347
16414	21677
26683	21446
15185	21565
9284	37293
16159	36815
17575	25510
11548	9479
29902	5501
2956	30876
764	3748
10428	7246
22939	12992
6353	5113
5907	12987
24027	36545
15217	3857
27553	8166
26614	38909
18293	6262
7763	13010
4770	32620
21924	17016
8990	25301
13951	23533
21099	9074
21079	21084
18899	39267
26287	6160
10698	14592
22706	33430
26986	37747
20479	23162
32367	10485
35931	18465
3955	29895
1024	28299
24197	4677
16313	36238
20102	29898
34551	31065
20017	20420
16617	1316
26776	6433
33275	10775
30840	20963
39188	19608
37190	13998
9699	3036
39299	37828
26124	7058
24915	26760
12491	20563
21962	22841
12286	27248
31405	36435
4946	26040
26416	33108
22216	3486
9959	7521
12382	11372
3693	39053
16659	16700
3764	16576
23652	24196
8396	35613
14611	5679
23481	7061
15625	485
10374	25135
22512	10736
15249	14870
21303	27989
32989	27186
37139	16183
19582	4568
5040	27788
25764	16294
35550	2918
34129	22890
33768	34571
1372	30284
18885	8221
2516	13207
24051	25169
28135	37320
38302	3327
25324	12807
19360	38055
26714	30421
30378	22526
12128	1919
3105	17491
26251	10986
39331	30221
29224	31789
18092	20317
15167	25682
22792	8002
13246	2092
28691	28581
21968	12771
19999	2078
2636	897
13463	28945
20799	31633
5806	3492
15366	37435
17866	22510
1427	29234
1450	32739
29522	5537
34204	13863
10069	8131
2773	4536
33143	34048
4417	31420
32088	27173
9078	17368
5906	37851
8838	20947
20706	17782
35264	3398
5615	28645
24158	1235
328	2227
34661	7528
15069	30513
32650	16592
34924	9070
1848	4828
33696	36768
8289	35932
29398	35404
25355	31500
30556	6547
6808	356
22999	24969
17301	28687
20425	38402
175	26700
37625	6252
18714	18626
23288	22469
9009	32911
7366	33846
9957	5444
682	6180
30084	37764
4724	6543
2838	23396
24484	33706
20447	37638
38008	38248
30627	25674
26778	5503
35797	32417
11370	39424
10891	4042
23719	32083
5307	16599
11091	6445
6261	13607
26616	20831
4130	38027
10763	25521
6199	22848
9179	23993
20464	15346
992	1534
38920	17619
36570	35890
4762	8799
29134	8623
26358	37793
22072	29535
19753	14504
16452	11833
23875	22162
6078	1258
17177	21133
3952	23379
10496	21992
39472	19526
34310	11465
37400	7134
884	13868
13477	19014
35124	29769
3650	8386
4469	25302
635	34208
24209	21665
15162	15671
15016	1961
8140	15848
26908	18445
27987	2044
3840	36083
10080	9558
5217	31992
18386	3412
32006	30728
15609	8247
37613	23687
4869	38975
9745	14953
25020	1352
25742	20959
35204	7967
295	22547
37666	13428
1814	21482
34526	7190
7047	24824
8164	21847
5249	2922
19447	12573
31104	28166
15101	17601
29854	13857
35657	1806
29147	1474
4590	22316
35067	27999
30292	32478
32612	18809
4974	1119
24376	11278
14777	15341
17661	5516
14612	29564
7075	12459
23408	17572
21204	36069
18139	24449
4777	25518
15363	38203
15785	4794
4480	11907
24262	13107
25129	23104
16319	38104
30055	15865
29773	4969
6838	15233
4192	13694
12796	17890
30186	32681
4718	33859
28919	5623
35460	36121
38121	19738
38473	38659
30423	30363
6599	21198
17516	30006
36847	2894
38722	2676
17114	8299
7918	17168
5508	36250
13855	3585
3667	30109
36814	15497
31263	35908
2936	23329
25602	6255
39010	11643
2160	8840
15877	39207
12087	12642
32788	7832
33951	18264
37440	30959
382	16005
29863	19531
17078	29383
20383	7768
26547	32595
32327	15935
32630	27886
8343	25357
38094	26314
39513	22373
5839	1969
8360	19459
13753	8891
7604	13726
34309	20337
12157	11636
23712	1282
3031	37912
22063	10899
21836	9519
7850	27247
35913	31267
14096	25544
18461	17895
18452	35288
32853	3428
10630	39120
31581	27572
28412	9823
18497	7257
30407	24235
7689	15944
23414	25450
27976	15361
32294	7892
8850	34085
20434	28805
18681	13720
29327	17389
14197	29619
35535	32503
35889	823
26115	12733
22851	11191
15824	4014
201	35394
16299	31410
27859	39476
10721	10562
8040	18269
13231	24855
4551	23889
38398	16974
477	33338
28873	31226
32276	32011
38890	37382
24504	23293
37478	740
27809	1262
19534	17986
34443	33252
8601	27092
28152	17529
7480	29392
10446	7503
36291	17472
36394	4096
22237	7055
38354	21692
19914	24770
35039	8922
30414	21546
19092	11596
38201	18589
36012	18825
36006	31474
12594	2759
9418	27198
35506	26727
22827	27752
16223	6449
7556	8686
21065	19770
23111	9425
28636	29129
6809	31990
4908	37683
29661	17490
35802	30375
15519	35058
8541	5170
23484	38515
22820	269
16501	26881
11096	9954
4413	13536
25608	39144
6061	12005
37921	34386
6640	7269
30931	873
30105	28463
17203	27525
2671	18335
30588	12899
15157	874
5017	10523
18236	36987
1290	12490
30576	24107
38808	14187
4618	13554
26026	12701
9533	33548
24849	13087
37847	28518
2111	5766
5919	31642
35824	9047
19297	15895
19529	33869
9939	18279
26536	12405
7232	23479
30934	33600
4353	16153
13787	56
25734	9547
22597	29184
9051	27299
24685	8380
22979	7908
37852	20140
7741	12264
18387	21725
13001	34893
7646	39297
28487	24142
21550	32222
4077	18706
39500	3227
30879	24782
24329	2472
38088	26638
30294	1886
28616	32982
28028	18
33072	8716
32358	7729
33047	13200
745	22343
20495	26332
1631	20797
5400	38390
24530	17707
15906	19221
24914	27334
6484	6505
37657	32885
15642	24181
29152	5711
25830	27385
35294	13123
36253	38708
20739	33910
26057	30733
10522	38698
6354	28580
11627	11349
16703	16788
21120	16778
30996	6185
29885	32381
10915	28466
29217	21988
26837	35621
28960	38264
4493	23124
17289	28608
16605	16264
20406	1938
31185	34413
12561	33518
24337	3388
4726	15343
13555	32814
19453	29073
36447	31407
20599	15990
10158	27673
9687	22077
4131	32527
18827	5107
3899	10838
27965	21364
20019	17449
4289	8335
5884	7234
26236	34833
21885	4139
23478	32969
12864	35930
24851	38474
24595	7711
38498	17275
23259	11146
1629	38240
4983	8207
37475	23263
11575	6073
38526	33375
21584	20537
83	15303
38712	38726
3319	35157
777	22023
18567	10690
13100	14383
15115	23942
13253	35843
26269	11032
33520	7856
38572	35202
21864	14455
4266	20412
38143	7641
18971	22329
33142	7813
21392	34749
31390	37056
18552	5945
977	30845
39570	14324
35813	16780
30063	23186
1304	10510
5573	36709
4253	7129
28927	27219
29128	22713
19865	39139
13936	22696
22055	34805
19113	28136
22646	3332
20185	9286
39029	1218
6335	38229
34530	6860
10822	28776
4945	38680
9278	37884
12894	20177
3729	23297
34074	39126
30741	17108
12156	33952
29807	38118
5947	8693
17346	24564
18064	28791
23977	37001
5354	20465
4340	22050
34954	8657
38255	38023
27386	31233
19763	1128
27521	20106
34361	33954
37805	35440
5103	36071
5685	25053
36232	35222
4904	14667
38133	24227
22910	31771
603	28404
21125	25998
25890	3429
18191	9378
275	5457
19819	2776
21444	3611
6005	26027
17059	2158
27321	32342
39357	34534
25408	1916
7207	21108
14079	17318
9876	30999
12116	22883
12471	3308
23454	7846
12578	4558
14756	38804
8862	2573
27064	31479
37980	30030
18613	7186
11540	11649
24239	6642
30496	8978
34627	23175
11883	26990
27153	2079
32250	27217
2574	28196
30578	27840
19409	23181
36773	15315
10589	17646
7029	4201
1082	7903
6116	20137
31084	3672
15245	17209
36712	24665
12837	3102
37017	36324
2409	18705
9467	6638
12542	39221
17561	38918
26192	36939
13577	28185
30222	26693
4205	26892
4650	27471
32891	7319
183	4385
35925	9664
23621	6460
35476	35980
21982	6344
34292	36202
25583	1
13714	16181
35770	31680
5551	2952
2460	16762
15526	3745
25379	13360
5641	23337
26586	26258
8277	31132
31208	15989
36649	7633
23402	843
6082	3803
33704	2807
28124	3401
28382	22176
30252	10165
37589	34162
21770	37341
18588	2043
29085	14200
13909	14771
15137	18521
9038	18245
7724	18299
27023	25697
38838	35672
18032	23928
28325	28563
37225	23206
30453	8734
16905	21119
24570	31566
28036	28696
6479	21164
6732	5652
32001	11790
6245	35056
18486	30907
37618	11885
10997	9572
36175	23444
8362	22397
33938	23887
595	15064
14815	33560
38425	32376
16624	19025
32463	19605
11237	8295
6606	21605
36198	19480
19899	19667
7074	20444
28064	27298
22222	6463
16155	34437
8492	31669
35951	17448
4181	27376
31915	12785
23072	10927
29943	12496
11421	35785
7005	21145
33901	19021
8528	15253
13051	20456
18920	21055
38122	14071
24707	35345
9245	9821
29484	23690
36215	987
12144	30580
29345	10555
33702	22728
15270	15773
9787	8584
30817	14320
35950	10815
2360	23333
242	12700
17473	35787
7390	423
14216	23267
37205	20018
32436	31774
15675	30989
35242	22940
5920	18268
22653	34467
28877	23871
38732	37222
6378	26156
16204	23046
15920	28626
28545	33659
33441	8519
15699	8436
26403	19799
3782	7256
27341	33883
39087	5733
32588	20279
17815	28090
34845	32298
13616	27685
18653	18686
22340	1955
23937	15254
16865	32868
19487	12275
2094	24764
9025	31131
25012	31206
10823	34399
5284	6743
5413	25402
26810	5748
36212	8172
1712	14684
0	659
20380	7347
7248	26004
18331	26149
5595	18440
34355	12821
22327	22377
17137	21624
5351	28403
32892	1710
9221	9050
32287	17779
5118	8668
34015	24540
12605	6423
10324	15469
30369	30488
30604	6413
10233	16704
38735	35422
28920	6447
6905	19555
18698	10735
29859	34960
24941	1368
38351	17617
30457	7218
312	12364
13977	9317
21128	17391
12575	13005
32893	227
17546	18137
10922	18135
34792	30046
33875	29472
36	592
12596	31547
14861	22596
15434	23510
4964	8988
29989	21279
1835	23448
10534	34665
2805	16684
36185	3109
30567	12714
34886	402
27624	7376
8032	17630
12033	8712
38349	2687
26546	7622
3841	28393
36248	17468
21568	25861
15373	36438
35622	23090
25104	27663
23033	27498
39178	14081
35376	11679
2815	24585
6690	26492
16800	4807
12650	10703
1452	6046
25724	18196
26792	21539
33517	34859
1345	30822
31364	6645
30371	6309
3263	34229
25382	4815
11775	6806
21760	25924
28695	36819
19094	30220
3346	29028
26838	8913
20762	32598
24440	13749
12175	12671
5231	6758
13481	26317
18450	32146
26780	1558
38222	10336
14413	20160
9408	21202
6390	27635
33209	5159
35689	25826
36535	36675
27578	19616
15772	39263
35484	30611
29371	12270
15775	447
34952	11924
6278	18893
30155	14375
22289	20590
36383	22161
19334	29690
37721	11316
15296	12262
31217	24884
26948	24345
1060	19171
25081	148
17340	38736
35659	36864
15533	34727
22965	33754
33032	5363
4659	12409
21413	29284
30579	8544
15878	14095
14616	4307
31862	36646
22336	17512
16524	11282
28333	11753
9539	4627
26077	19223
37260	16346
13487	11070
38749	32660
2123	24954
15430	39324
13712	14617
32037	14894
31584	6704
17410	39429
19066	18306
18655	4657
22103	14776
7663	4248
28912	13967
34635	950
25579	12150
30230	28114
8809	24548
2089	33411
14365	29942
2737	37002
32343	2536
37820	6060
31792	6982
15711	7118
33945	31996
35126	15679
17798	7020
5956	6360
21294	10152
6667	33547
9303	14105
3024	19404
17086	33554
13007	750
24003	33105
27675	13228
23284	17084
27829	8155
508	16629
12107	6794
2389	36107
23609	39441
27147	7095
13277	2323
12826	10482
13668	20246
25296	22873
1963	3170
33770	3519
9768	3487
16403	12148
33374	33724
16715	20683
6929	3112
34725	16205
25498	33196
9239	19827
24401	33356
5478	31558
24073	4045
12618	13404
36385	8433
8730	21897
30468	1311
31989	23645
4244	25124
18144	21106
14814	25689
32611	2299
14708	29567
23089	5311
31837	7343
27511	4861
31564	20080
22483	2767
35063	19296
31452	13066
26480	28363
638	23020
37658	20125
4359	30162
34681	910
1269	35709
9157	18275
31615	23291
20007	13085
26593	25888
9353	941
13132	3712
23371	22959
14194	15468
2247	33216
3197	27749
2893	22006
271	9449
3842	5984
35199	36448
14664	26215
29938	11094
5013	22113
7871	25829
33401	22098
35840	10112
2698	10889
25867	4075
27295	22498
2685	15829
19542	5535
19040	33837
7909	9180
1859	28602
35626	32152
5712	12359
31650	34951
39242	15199
33977	31380
28155	38400
27051	15866
9010	9886
10123	17119
16957	19996
30291	14742
25906	34587
12093	6518
17623	20486
34349	17331
10180	35941
4484	65
23011	30089
31075	13273
12065	33924
25295	30744
25168	36654
5278	12242
14518	24106
35601	33069
31681	35628
24699	12008
23948	15122
37498	23093
25884	38915
21006	14811
11220	34549
8852	6415
1670	27017
14967	31942
19745	26852
11683	14335
29952	36976
6474	13448
19681	18526
20943	16502
35203	9976
13095	4521
33663	907
16003	9326
30809	27872
26090	2534
18420	26675
32148	35251
18117	33025
7369	25376
444	14541
10027	31994
39059	19197
32644	21804
27395	24838
22416	36525
31493	10990
34617	21535
16300	4901
28326	38110
12042	12803
432	34156
18813	6859
31608	30561
19342	27874
16422	16443
37259	11276
13679	15521
7532	2975
5708	9275
7587	11249
35173	35974
18699	17633
4318	29186
8452	23676
14319	19029
28413	26628
19071	14013
7140	5240
27497	32292
31715	32758
7594	1030
38967	9707
36715	12506
18036	23485
3317	31496
38695	12095
14539	13543
5876	38905
21432	24715
30202	12768
10056	39049
13692	33085
15844	35858
3787	17407
7148	37653
37848	10860
29236	12656
178	11539
21236	32032
856	30176
14778	24078
19838	32994
1406	28835
35450	1294
17017	1716
39461	29595
4780	3992
921	4578
16347	22300
23550	12754
4220	10267
4352	14028
11149	11730
11315	29136
29157	39070
13819	443
28050	35362
24801	12244
21516	33500
25164	15103
23536	21144
226	15795
35959	9836
28355	30960
8754	30911
11516	33445
19866	7021
32837	23825
15424	14754
36853	14936
39501	18774
14432	16711
20417	26734
457	16170
6395	7937
23908	22287
18448	34372
19152	10519
23847	38336
22325	4685
5473	28850
29711	25210
2068	23749
26884	33761
38832	17693
21911	22677
20954	37181
19371	18600
30796	28472
21912	16231
4729	21323
24582	28958
11071	33121
17909	199
38333	12367
4321	4467
18831	17888
6297	9660
2865	13775
20984	5102
5534	6198
27098	32575
28880	7131
23271	33063
15939	25435
33828	3297
12911	30080
6950	15513
20971	19806
31429	30270
9696	28000
24535	22752
15908	32738
29313	30766
33616	13319
13440	8702
21052	26255
29202	30013
28561	32726
5882	35575
6724	11678
16297	26439
22877	17926
34061	5402
30698	11245
18689	18320
16961	2665
30246	34973
12118	12124
27465	36354
8787	23657
4893	2492
15075	37345
26294	36056
15255	790
16533	34820
38185	18411
5983	18557
3550	5590
6919	7183
13893	4723
169	22584
18887	3974
32550	27700
5317	15378
38773	12215
23373	28931
14144	38049
36309	9279
18287	14516
17634	19290
25098	11161
28664	17990
8215	37381
4891	35413
6588	2118
38288	31124
18527	6018
11691	10156
810	37780
11196	36941
29565	36833
24555	8621
19251	3032
23304	16228
19091	10221
30968	11984
945	38555
20475	34873
33267	9194
4186	15301
2265	35182
2532	28260
33672	33786
11250	33075
30001	6105
11654	17405
13650	2848
12994	12439
12898	10117
15231	26128
31988	472
28078	18349
25657	31280
18283	2551
7205	12318
21135	15517
38718	26610
11271	7506
27822	34491
10640	32517
5302	32150
19593	31817
33045	38617
2486	37754
23242	10568
34195	7935
9184	1897
3001	24053
4609	28189
8231	9810
22563	28345
23998	29342
33553	21718
14022	32169
26083	31464
9075	33546
37539	30492
5732	30893
4830	36046
29527	11039
16801	33957
3471	15723
38341	27487
23873	28502
8347	32572
31950	9757
951	31678
32402	32103
33059	17525
30995	2998
22439	34315
10623	37373
32512	35737
29493	25340
11410	16768
28026	1350
23794	38457
12333	35327
20646	23869
36384	36869
9435	9744
35180	17357
34191	23563
350	4522
5881	26684
16982	22935
